900
10.74 13.08
91.24 92.85
126.51 92.43
196.88 18.28
159.91 18.95
33.3 92.82
49.18 33.61
161.93 180.86
148.05 116.61
198.02 156.68
193.15 100.57
113.31 127.24
84.77 175.11
136.93 123.22
91.96 73.28
87.92 25.79
88.6 69.26
96.85 24.91
191.29 150.81
117.02 108.79
166.39 190.2
178.13 52.9
172.57 113.48
150.86 121.04
96.93 34.78
26.83 100.31
141.32 171.07
168.92 13.16
86.58 105.05
108.27 92.03
102.08 24.93
141.98 92.8
117.66 182.56
55.18 54.82
84.34 50.86
13.13 27.33
198.06 126.85
81.3 76.76
55.26 132.08
53.67 104.42
86.52 122.01
82.37 89.14
127.22 162.91
89.98 41.37
100.49 150.95
132.31 77.03
148.2 22.19
83.61 49.71
74.8 148.71
181.76 95.84
145.41 118.78
178.47 51.76
10.93 180.98
152.84 39.01
29.92 194.68
173.3 65.07
12.66 28.79
63.23 11.64
106.59 79.16
53.62 79.4
174.31 29.14
171.96 106.18
15.06 174.06
191.98 41.63
156.37 178.84
166.89 158.63
90.29 60.83
98.5 12.21
150.79 35.83
105.41 182.4
17.72 74.12
123.02 190.24
180.88 139.12
40.78 43.48
121.12 198.67
131.56 76.06
47.18 49.95
122.13 126.74
25.4 129.43
194.07 66.98
113.16 21.2
56.12 145.01
135.8 197.16
103.13 101.67
72.07 154.68
51.66 62.0
186.69 67.35
22.81 152.02
157.65 192.9
12.14 95.06
82.99 135.84
132.53 43.77
163.95 185.22
22.56 78.62
157.05 164.58
164.83 10.33
98.34 50.92
185.39 93.29
168.62 117.85
78.36 92.51
175.85 59.96
45.88 124.51
156.76 143.53
73.95 86.17
79.79 25.28
183.82 94.93
73.52 139.33
76.58 137.31
28.35 107.79
166.47 171.42
113.59 102.73
54.65 103.17
10.08 82.11
121.63 150.02
154.47 156.02
125.56 56.03
111.33 195.4
112.67 181.49
110.19 111.07
43.57 51.07
147.36 102.38
106.42 103.78
195.01 48.38
172.0 63.96
141.2 152.36
153.95 114.01
111.85 128.28
188.36 115.6
39.68 19.58
47.47 173.13
41.59 139.78
36.13 99.37
191.06 94.84
140.81 142.43
75.54 85.77
109.13 30.97
196.27 40.53
60.82 135.4
95.35 85.28
34.23 38.25
68.87 191.46
109.72 199.07
129.37 133.81
188.15 21.51
155.94 126.01
125.09 12.97
57.47 69.76
166.08 19.92
25.73 25.9
50.32 24.19
112.32 38.07
157.23 135.55
95.6 29.78
68.33 107.78
43.07 22.23
69.27 25.92
148.4 49.94
84.69 183.13
136.39 135.73
168.99 123.79
47.75 56.47
12.59 79.65
178.23 95.72
44.89 154.07
124.41 131.06
70.66 40.9
18.0 15.95
115.11 146.4
81.79 55.64
148.55 139.41
61.57 84.82
193.89 114.01
199.84 47.78
85.24 71.1
63.31 25.95
151.83 191.42
173.47 88.18
183.81 165.36
52.8 11.92
60.49 40.84
145.51 133.93
31.36 167.84
194.67 194.31
146.18 25.38
21.0 127.48
84.92 99.64
76.36 60.8
12.51 167.67
144.26 137.93
96.45 67.85
166.21 98.72
54.8 50.3
56.7 111.51
52.72 60.06
155.53 157.76
60.69 116.75
135.23 126.57
27.2 129.73
40.76 55.15
73.47 193.98
105.69 185.63
107.46 177.11
54.82 93.92
110.71 15.18
131.52 101.4
23.44 156.59
85.49 172.88
56.7 183.2
149.97 186.67
101.01 145.27
147.86 32.46
71.9 172.47
158.18 103.52
34.38 130.32
52.43 105.14
84.78 68.3
121.71 107.77
51.72 25.3
44.37 164.91
198.98 15.63
39.16 198.66
75.14 157.16
124.33 192.16
24.54 191.17
112.8 28.27
42.99 121.48
44.81 41.14
191.85 156.3
25.37 137.48
69.97 92.9
12.39 171.66
134.09 108.48
48.98 43.28
140.13 189.64
24.41 118.28
31.42 157.25
164.42 35.37
43.37 118.98
100.24 113.94
43.9 143.18
188.87 126.15
14.17 103.9
83.48 35.55
79.61 75.95
52.72 99.2
34.45 25.81
161.56 92.07
22.14 64.11
112.81 37.45
53.39 115.85
177.55 185.3
33.22 99.59
154.63 49.82
10.93 72.22
89.88 78.92
91.58 189.93
41.7 190.54
36.25 197.51
29.9 52.53
142.37 64.92
182.93 50.85
26.96 19.27
135.74 58.41
143.47 172.1
11.13 31.51
23.67 78.49
153.82 84.99
189.76 109.8
51.27 13.25
102.48 109.89
72.32 167.6
184.07 123.76
44.88 166.53
50.68 56.95
79.95 70.24
117.22 62.98
99.79 63.12
180.0 107.85
190.41 158.15
144.34 180.93
29.96 28.48
173.14 61.52
46.63 72.63
154.98 48.21
62.66 191.56
126.4 23.65
43.91 199.53
77.72 69.86
129.85 117.54
26.02 169.2
50.06 176.14
91.07 51.4
194.64 172.47
197.25 43.04
55.94 141.66
148.62 92.66
50.02 102.06
149.4 149.2
63.12 190.27
84.28 105.32
124.65 159.57
165.95 112.7
25.03 115.64
12.3 70.8
159.47 136.09
108.47 129.9
168.77 148.14
195.84 106.62
72.87 139.39
181.83 67.45
47.67 96.7
42.15 144.55
111.0 39.0
95.77 133.8
34.63 163.91
82.1 20.71
50.78 55.28
73.29 149.24
65.02 148.64
132.54 170.16
194.25 135.78
178.02 150.01
98.26 21.05
166.23 27.51
166.77 81.61
176.51 11.67
185.53 113.98
71.1 89.41
61.11 14.97
25.0 168.07
113.86 81.91
153.67 31.82
177.56 38.49
86.0 56.18
43.27 111.06
151.35 37.67
151.6 72.42
70.81 135.43
168.18 99.31
115.22 139.12
100.25 138.19
69.08 171.42
66.15 94.94
36.62 191.45
49.59 173.14
36.33 128.48
114.23 84.72
166.8 150.65
62.23 63.65
132.51 198.09
11.26 72.7
17.75 147.44
89.89 17.51
17.81 26.81
184.29 149.86
147.38 10.33
46.72 112.23
65.09 119.95
35.03 31.01
87.57 16.21
102.9 146.32
82.77 126.85
110.1 180.76
89.17 89.71
189.19 36.58
130.67 89.63
36.98 79.35
110.38 91.95
17.2 129.86
100.35 81.38
66.65 43.08
29.97 108.38
146.15 151.79
92.32 155.96
85.71 43.18
97.72 65.43
86.48 33.05
19.59 21.71
157.34 78.49
38.35 153.3
48.87 190.62
76.78 172.93
76.75 57.82
28.54 16.2
102.09 11.4
61.4 180.0
108.23 127.84
98.22 106.26
189.11 129.95
84.33 180.9
40.67 138.81
89.14 123.31
120.48 146.84
110.16 13.55
87.11 142.14
182.66 140.01
148.47 90.49
174.8 131.92
45.74 169.89
186.58 175.79
164.2 199.62
97.72 83.24
58.02 31.51
187.12 59.91
51.53 62.98
152.61 53.26
189.02 54.74
108.71 47.24
109.88 194.95
66.81 163.61
152.05 128.85
180.26 46.8
197.92 92.0
175.31 167.91
127.78 192.55
12.39 122.41
91.54 170.95
153.23 153.31
153.65 132.49
171.84 14.95
16.49 152.32
185.7 193.68
75.02 174.77
99.79 81.48
19.71 163.64
68.95 44.11
11.54 173.85
54.92 170.39
22.61 188.22
139.58 183.35
50.78 39.41
173.4 14.27
15.77 96.81
146.78 124.33
59.69 32.35
101.7 99.83
56.08 64.54
192.2 128.6
68.1 60.75
191.74 127.51
144.99 138.56
139.32 24.97
26.08 56.16
140.24 112.44
66.52 16.86
154.47 31.7
93.91 183.92
188.54 31.38
20.0 158.0
116.81 131.01
123.24 52.9
60.33 16.29
109.7 130.23
86.62 185.07
41.1 25.67
85.26 168.99
55.19 13.02
88.14 65.53
182.71 95.53
20.11 149.55
154.0 152.43
175.14 131.74
157.99 164.66
99.14 197.11
110.47 150.17
20.96 113.07
178.69 16.7
83.79 84.56
72.77 25.57
162.96 171.2
10.72 138.19
89.87 104.61
118.62 136.12
104.7 116.65
124.78 35.66
152.71 87.51
131.1 12.77
17.33 191.14
139.16 39.7
150.83 117.35
67.44 145.86
42.17 21.64
21.31 162.26
177.03 45.29
27.8 59.63
112.86 78.68
72.22 48.45
17.83 197.0
170.54 17.97
149.38 64.59
134.37 143.31
101.28 180.12
98.17 13.5
90.46 173.06
196.81 145.07
88.42 194.45
91.79 148.82
56.86 58.9
144.47 26.18
56.85 67.13
189.72 111.82
198.06 171.82
95.95 67.25
184.55 96.61
115.42 133.51
178.01 109.16
28.61 28.56
72.01 48.46
118.75 121.96
49.27 40.09
45.28 169.93
127.95 189.92
99.62 72.86
30.16 150.72
58.78 126.35
195.23 109.65
14.82 123.31
162.99 59.56
170.75 102.15
192.9 186.64
16.55 132.57
121.51 181.36
59.47 36.52
127.23 69.71
193.28 88.35
48.45 163.27
160.65 65.48
25.49 66.01
27.59 159.24
181.24 19.6
95.55 28.36
19.58 150.2
60.64 66.26
64.25 92.65
140.33 14.87
199.7 39.49
63.47 111.78
193.73 51.17
79.35 155.78
177.0 90.48
17.2 83.9
161.81 72.16
121.17 79.34
173.97 45.58
187.43 27.0
127.38 128.62
83.07 130.78
52.71 48.83
105.98 190.46
177.72 122.53
192.97 20.28
118.68 25.51
176.23 171.37
104.01 106.57
140.9 121.74
130.06 131.8
178.56 81.98
137.58 44.89
73.9 175.22
97.71 15.07
66.42 172.74
128.31 32.57
158.92 171.07
145.6 131.09
172.16 113.73
48.7 155.7
151.05 156.4
118.76 51.71
84.36 134.1
48.52 42.7
179.51 130.36
67.59 141.73
151.57 183.62
85.42 25.54
142.46 11.78
132.31 171.59
81.2 64.92
138.93 192.74
97.66 169.43
65.9 159.02
98.03 42.31
184.23 151.21
129.94 166.38
22.17 90.42
119.5 172.74
51.27 153.85
160.61 105.87
185.42 165.41
198.92 75.18
41.38 18.46
149.64 55.12
73.85 98.67
159.21 99.43
139.59 92.28
168.2 155.88
18.36 156.34
56.99 190.3
127.03 16.38
177.17 159.62
102.72 146.38
11.6 83.62
141.94 92.45
187.18 68.96
96.77 195.15
162.27 195.11
175.41 40.47
119.94 126.39
71.47 100.47
154.28 175.0
190.75 123.54
174.39 29.08
56.81 51.31
13.72 183.45
91.63 145.22
175.93 150.38
185.29 180.28
179.16 139.71
74.68 101.5
195.68 11.12
147.32 21.99
108.27 97.45
65.49 104.92
14.86 110.8
167.48 196.15
83.7 80.02
56.97 148.22
41.59 95.46
142.87 110.12
56.9 19.9
11.9 13.58
47.24 124.91
45.05 32.56
191.2 171.53
133.56 157.02
109.02 122.91
96.68 94.34
197.85 50.16
39.7 111.09
192.08 62.44
11.96 85.74
158.03 91.04
181.94 114.57
105.26 58.66
151.12 175.51
149.86 58.84
52.09 141.67
114.3 139.99
20.78 78.03
133.31 11.04
170.67 75.43
194.52 136.7
198.68 129.36
186.95 107.51
168.73 115.19
197.66 45.73
162.15 173.02
177.61 114.05
36.66 135.58
122.41 197.61
22.02 87.23
45.87 135.95
90.33 170.52
41.07 114.76
53.48 71.84
90.23 106.9
65.93 135.93
147.67 161.29
182.97 93.44
178.05 97.49
56.94 78.18
179.09 19.6
25.09 69.35
38.47 26.85
160.02 134.7
145.65 162.31
33.35 93.12
186.16 20.29
105.99 11.07
28.49 83.4
127.75 60.47
126.18 76.35
55.85 60.96
66.56 152.46
46.46 50.35
175.99 159.47
191.53 58.69
166.07 88.82
82.41 24.4
130.26 189.99
62.91 90.31
126.42 145.24
169.26 36.02
184.26 59.49
25.37 190.79
184.08 38.81
144.98 128.36
119.29 95.0
33.29 196.9
10.65 33.64
114.84 111.94
130.11 164.71
179.84 191.87
73.56 125.78
170.1 23.78
61.41 152.98
199.66 35.09
12.75 138.14
74.55 97.1
101.7 87.19
166.01 161.63
146.92 151.99
122.26 130.49
180.67 30.09
92.78 157.33
80.7 96.9
139.21 185.35
54.21 110.76
15.47 163.06
83.49 56.99
182.27 43.64
28.59 59.13
12.49 127.84
116.18 142.75
167.25 99.27
144.42 141.02
67.76 59.85
198.07 148.75
188.96 70.11
108.6 96.42
154.02 92.46
78.16 139.19
154.97 43.79
184.52 11.79
74.65 108.18
130.59 159.35
49.47 60.77
64.01 23.75
57.21 139.4
116.21 69.38
97.04 61.02
150.68 125.36
147.24 111.87
106.94 190.52
59.15 70.51
132.24 189.3
149.1 156.6
38.92 148.41
142.53 92.03
102.54 44.07
62.83 43.26
74.81 179.6
167.18 198.79
131.99 49.61
122.88 168.52
59.26 40.83
18.35 103.17
141.45 137.2
150.5 93.79
68.45 159.83
164.33 73.64
55.77 62.74
142.78 146.65
29.21 98.62
123.11 164.49
159.37 62.77
168.64 109.84
35.81 46.5
95.64 126.38
41.98 104.45
114.29 134.93
21.14 151.55
151.7 40.91
163.51 15.26
47.77 166.85
122.45 156.75
166.99 86.55
113.96 10.02
140.19 160.05
66.87 197.22
98.16 112.69
173.51 183.21
55.23 112.97
101.96 151.83
126.0 168.64
33.05 128.33
76.03 192.82
50.49 192.84
14.09 195.64
20.82 98.52
150.48 46.05
89.17 167.57
156.39 124.51
97.54 160.06
148.99 92.79
115.3 157.79
92.12 121.06
157.35 56.6
127.47 171.62
141.02 157.74
52.46 130.07
128.17 173.16
97.49 10.9
128.41 58.6
68.11 68.74
180.8 87.43
132.69 60.89
169.11 162.98
39.43 68.99
35.17 181.65
167.09 28.23
151.08 193.62
131.17 191.85
12.61 90.5
117.17 98.62
101.57 34.32
10.73 173.83
190.03 71.52
149.18 66.55
134.34 169.56
36.99 145.34
120.08 63.88
59.1 52.75
166.76 118.8
103.38 139.61
13.65 50.56
129.99 181.54
48.7 33.73
194.31 18.39
81.07 117.54
149.85 40.31
167.95 95.37
187.51 155.67
48.3 86.66
141.88 100.46
161.28 161.71
10.63 191.04
122.3 62.14
86.34 23.81
109.76 31.4
33.36 119.73
188.52 181.41
10.18 130.83
171.44 120.71
82.81 185.69
149.86 59.79
93.97 137.28
120.25 19.05
144.22 164.03
171.58 161.25
22.89 101.76
93.61 185.76
46.92 188.53
92.51 56.65
171.99 160.89
136.36 61.66
85.55 147.38
195.55 127.39
195.14 184.31
95.56 76.42
68.58 60.34
48.58 146.18
29.42 163.05
65.33 196.45
24.29 57.23
35.43 151.04
160.16 23.02
162.9 102.26
106.12 179.5
68.72 125.39
146.93 20.96
77.47 94.08
138.48 27.24
84.94 86.3
67.27 161.88
128.13 73.32
169.07 187.61
82.38 159.16
178.4 189.35
152.05 55.42
18.57 153.03
63.63 34.08
26.14 85.2
48.14 184.97
31.53 135.05
115.3 174.16
175.25 102.51
90.83 31.38
24.0 57.27
35.68 95.04
146.95 71.04
78.62 35.02
62.84 150.3
153.45 118.53
152.96 180.67
48.87 139.48
22.6 122.81
134.17 25.42
118.14 111.78
56.62 96.16
17.43 32.5
