600
153.14 116.82
88.79 46.26
149.36 151.24
118.96 118.39
174.23 162.32
102.48 62.75
157.79 130.08
60.2 177.52
133.75 56.21
157.55 50.57
68.03 98.53
197.31 183.51
139.88 184.88
149.69 36.66
87.63 85.77
134.77 155.93
20.79 196.21
164.57 93.87
77.83 134.92
134.6 188.01
190.66 82.79
17.73 154.89
196.3 173.89
93.27 195.19
98.61 174.04
129.15 176.14
183.31 59.34
128.66 135.29
51.42 192.3
47.92 44.27
189.33 150.88
10.02 65.19
59.09 192.91
191.6 35.31
186.32 71.94
145.53 141.43
167.0 36.81
98.16 192.93
191.65 57.29
113.34 118.93
122.02 93.79
89.08 85.12
183.94 43.76
134.49 15.67
49.82 101.31
59.93 184.62
83.05 60.51
159.14 119.9
94.53 31.51
138.18 147.56
57.71 115.27
33.68 114.64
30.54 72.43
135.77 42.51
51.23 27.47
165.44 64.96
138.57 91.53
156.69 157.66
58.68 148.45
126.36 197.73
46.43 101.52
189.65 121.16
95.77 72.97
47.15 159.68
129.07 125.92
100.32 172.29
185.32 154.13
130.29 17.78
45.27 62.85
16.79 17.68
140.75 181.74
155.89 60.13
113.68 169.46
88.13 27.29
143.6 199.77
98.75 179.08
58.99 46.87
64.8 50.38
84.83 155.84
188.86 115.49
41.07 125.61
124.74 188.15
97.75 127.04
184.15 100.88
63.07 86.78
110.58 24.99
71.62 21.07
110.82 67.87
28.4 158.88
38.74 177.9
140.96 90.67
165.47 34.27
14.54 108.53
190.79 146.63
142.58 186.27
101.58 110.65
128.29 165.45
59.9 149.48
53.4 166.76
88.26 64.85
60.88 31.78
77.93 16.66
75.37 140.88
176.86 152.12
74.94 150.62
138.66 70.8
127.97 80.87
154.4 155.04
171.37 104.43
89.54 114.8
133.86 100.77
108.59 170.37
197.04 49.35
149.65 103.36
108.17 30.14
114.83 68.64
191.16 170.77
137.14 87.66
40.46 34.54
90.91 90.49
174.54 134.5
138.62 197.81
24.44 64.29
37.83 29.01
132.76 52.49
88.07 113.12
103.59 67.51
84.54 187.39
56.76 106.07
177.73 103.72
76.54 168.04
21.47 10.87
171.13 156.36
12.09 77.77
135.51 111.62
152.62 159.08
98.39 167.74
42.29 12.82
19.44 186.07
24.47 76.31
27.45 111.49
70.44 15.51
174.52 189.88
86.53 167.69
12.98 114.69
83.54 52.41
72.95 161.2
24.87 123.85
142.09 22.38
43.62 50.32
108.54 153.24
33.39 108.24
77.89 129.46
141.77 184.34
137.13 43.92
112.08 22.61
25.89 56.01
25.57 148.64
135.75 188.4
164.07 84.4
136.9 101.1
148.85 127.31
29.25 14.62
156.47 12.91
88.28 77.82
164.76 73.35
148.53 112.49
89.43 30.38
70.24 106.53
93.25 142.29
54.76 108.24
79.64 56.67
127.54 148.75
115.54 67.31
105.97 63.77
18.36 60.37
114.63 160.65
60.05 101.61
153.73 89.74
71.56 115.88
123.84 23.69
192.34 93.15
132.2 89.02
11.87 167.3
153.54 62.29
60.26 168.23
32.56 80.04
165.86 17.09
89.92 133.36
173.3 131.6
162.72 183.32
66.79 143.25
181.05 76.4
57.43 75.27
85.19 42.02
53.11 139.48
49.66 146.23
53.85 24.77
30.47 62.05
172.24 145.04
22.09 186.43
141.27 121.63
158.46 147.35
100.78 144.26
193.35 190.1
105.68 23.87
24.07 152.09
57.28 34.03
146.9 199.0
19.78 40.0
61.39 148.36
20.57 36.54
35.69 115.45
71.9 53.12
146.15 142.28
20.48 161.67
82.33 96.03
80.52 139.94
163.0 97.88
70.75 117.53
147.61 165.4
159.75 171.17
79.64 124.05
131.79 103.4
23.87 149.43
114.11 47.9
149.91 23.67
27.53 74.87
91.37 23.65
188.09 122.56
135.33 195.63
161.05 105.0
168.74 46.19
194.68 138.0
68.35 171.51
140.13 142.41
136.32 133.14
158.45 197.76
131.55 48.36
118.09 101.19
132.02 197.45
148.77 144.71
143.86 173.7
46.14 170.97
192.67 63.32
149.95 123.26
151.37 56.32
74.15 36.24
132.94 23.95
24.31 31.11
128.71 184.46
149.54 96.18
75.99 194.69
31.08 33.36
100.89 177.05
12.25 167.35
190.81 103.5
128.35 167.85
51.09 97.56
84.03 114.14
71.0 186.34
102.5 109.65
183.7 28.08
196.87 112.44
189.11 128.34
179.8 162.05
163.04 155.27
145.9 68.6
59.0 43.48
188.37 176.19
154.44 122.08
199.4 14.89
143.87 28.06
70.5 166.86
168.27 160.02
47.56 40.35
152.68 140.5
51.37 23.09
119.61 32.09
123.22 43.75
123.81 10.47
97.65 125.46
34.99 43.4
35.61 113.14
35.92 24.4
140.04 147.22
182.12 113.46
141.04 87.75
17.2 48.66
82.87 116.79
102.36 191.27
170.26 12.3
131.85 193.95
123.65 119.72
192.99 10.61
117.37 135.31
141.32 169.3
189.21 18.28
148.52 91.14
111.72 184.16
109.3 20.22
167.95 40.0
169.79 13.76
29.99 159.49
122.26 25.2
81.85 38.41
67.25 67.68
176.48 74.0
78.54 113.07
145.8 183.45
166.84 57.41
43.91 59.29
89.86 65.68
11.12 134.9
137.88 28.93
33.88 77.36
59.83 144.31
12.55 121.91
151.29 113.4
190.37 125.76
133.16 86.63
12.08 106.53
73.57 184.29
45.5 151.99
88.27 54.57
160.24 160.94
125.18 15.46
199.72 185.99
101.64 66.1
53.98 194.92
100.13 39.34
10.15 28.7
78.87 173.66
189.28 15.23
10.02 60.66
10.4 42.11
187.3 167.83
72.07 160.17
108.92 95.04
115.4 14.21
104.17 68.79
18.3 171.88
86.41 80.02
91.35 73.56
148.9 143.71
64.03 119.26
110.6 52.87
27.5 38.62
88.24 57.59
97.29 69.89
69.55 117.79
182.1 41.98
173.04 106.75
154.07 73.82
98.4 75.98
14.86 174.82
19.17 81.4
148.05 172.29
151.21 62.46
41.07 121.85
146.57 138.53
87.43 12.99
190.09 118.75
55.06 192.99
92.87 93.1
157.92 111.29
88.0 36.68
107.81 22.5
51.11 176.28
22.37 179.66
130.0 186.53
179.36 47.43
199.13 192.61
176.74 160.03
10.31 117.82
24.03 57.38
135.79 70.69
76.44 74.41
184.76 198.06
159.26 97.63
166.5 100.49
32.62 20.16
72.76 177.51
12.12 193.13
180.92 105.42
56.95 56.7
99.84 48.12
167.75 183.59
172.07 30.72
63.88 148.1
98.63 44.14
194.67 49.22
167.76 123.85
72.11 180.39
159.97 140.25
70.92 93.1
118.47 20.93
118.28 77.8
48.41 70.13
11.2 159.6
133.46 178.95
145.36 62.11
104.43 23.15
165.04 70.99
19.29 194.09
171.6 124.81
110.86 28.35
73.32 190.45
125.44 162.69
32.66 13.28
123.89 57.64
36.15 143.11
140.16 111.14
165.48 197.64
113.13 110.87
38.24 189.91
168.0 14.87
62.87 78.81
56.95 140.62
13.93 76.91
80.71 17.91
182.42 126.19
167.65 13.97
110.87 70.14
80.69 166.12
191.27 106.41
124.4 128.85
194.56 13.74
80.62 19.69
12.32 152.41
29.26 148.15
147.99 51.37
12.76 11.02
31.75 93.38
28.33 75.43
194.7 165.75
35.39 13.11
58.62 187.77
113.94 81.06
48.19 199.07
76.19 151.89
66.08 100.88
76.02 75.97
23.22 32.83
63.71 59.52
175.1 161.31
43.33 89.29
79.81 43.12
175.28 67.1
188.18 68.21
55.56 70.23
150.17 171.85
176.17 14.43
198.5 113.08
168.24 86.39
117.75 80.63
71.16 50.25
160.31 185.94
167.07 123.68
173.21 195.18
60.37 125.86
42.5 194.64
84.45 184.14
31.09 75.81
29.27 36.44
45.26 102.45
178.3 54.83
99.45 164.21
153.38 150.06
179.28 181.98
37.1 94.91
17.47 155.58
19.29 19.31
16.53 21.52
97.11 60.51
151.63 144.22
118.38 149.8
163.88 195.52
111.74 185.35
133.61 90.6
24.26 77.36
151.39 177.62
159.23 92.17
138.12 81.95
172.65 146.89
126.24 60.04
24.75 25.22
62.84 139.29
123.55 21.39
187.68 164.16
132.73 73.46
11.04 108.74
54.91 105.51
124.28 161.36
19.79 26.26
185.19 153.51
175.42 194.62
103.99 43.29
78.69 75.52
50.97 183.74
61.15 58.34
92.17 147.93
126.32 40.02
174.87 19.87
170.65 184.99
57.16 36.94
60.66 41.71
102.21 59.9
156.37 106.41
121.53 61.12
138.21 49.75
104.83 85.93
161.51 186.15
180.15 191.46
46.62 155.55
77.5 186.56
127.36 164.96
112.28 184.06
108.65 59.71
190.91 166.31
135.26 27.84
20.23 185.83
134.11 137.23
56.49 46.89
31.59 81.2
193.89 49.7
142.13 95.42
192.02 20.77
130.5 33.85
69.22 33.62
158.41 43.9
54.33 172.04
63.5 108.55
190.89 93.83
101.49 100.98
42.72 109.93
139.95 150.42
108.59 106.47
169.38 84.83
189.54 77.96
61.52 127.43
92.63 187.54
115.1 179.53
126.37 152.4
37.12 34.8
132.13 135.09
177.36 162.31
48.52 142.75
47.04 133.78
103.1 197.28
83.87 80.39
149.89 126.51
99.37 33.64
40.28 26.72
135.46 101.97
193.61 29.88
173.31 143.17
134.56 102.53
167.27 120.69
125.61 109.67
119.98 51.74
63.91 189.26
188.13 136.16
148.09 160.05
13.43 147.82
102.95 52.56
34.23 139.95
171.55 106.86
192.07 180.28
27.91 120.08
193.07 142.03
36.79 80.0
163.32 170.39
23.79 135.98
88.21 92.19
45.02 42.93
175.83 23.21
27.4 17.51
147.22 99.2
48.9 76.33
47.4 54.23
182.69 47.02
131.3 169.39
57.41 117.59
41.13 108.35
155.86 186.22
21.23 91.05
59.19 120.93
174.4 11.91
107.57 66.87
20.57 86.76
74.46 33.36
149.57 184.81
100.45 159.91
121.24 78.39
120.86 105.27
174.36 76.92
42.24 55.25
98.13 50.07
184.6 114.16
