100
18.17 15.01
174.56 30.29
145.97 114.73
168.34 151.99
115.4 94.89
186.42 87.98
141.7 12.86
65.37 194.51
95.87 148.49
99.86 101.92
103.56 165.71
178.55 145.63
168.9 63.71
27.1 111.98
61.83 84.74
113.27 54.64
176.52 134.87
98.65 95.57
25.77 29.37
171.23 130.41
177.86 84.23
169.05 100.07
114.59 93.77
199.34 14.16
76.15 100.22
171.0 121.85
178.86 74.86
139.15 72.05
193.64 147.67
122.17 31.96
116.01 100.15
196.78 172.96
139.39 144.15
99.54 186.64
177.28 146.06
38.17 125.37
42.03 49.24
61.52 55.67
37.72 107.82
193.71 116.56
170.16 66.46
184.94 132.34
97.23 153.21
39.87 74.92
179.35 165.46
95.87 134.29
68.56 109.24
58.21 127.09
189.06 172.27
15.89 111.54
46.84 143.08
123.78 132.76
132.15 154.67
167.96 38.93
170.9 41.32
37.91 187.34
173.55 43.44
179.52 58.24
82.68 179.84
142.55 118.76
168.17 47.44
122.23 118.76
133.29 36.76
185.61 113.75
75.7 160.48
70.14 103.07
171.16 101.27
69.06 133.06
57.1 82.02
185.8 166.13
57.02 52.71
112.57 26.08
107.85 71.67
75.89 177.45
45.27 138.52
79.03 136.07
123.12 45.96
181.27 157.04
174.27 106.61
111.26 53.22
84.83 23.63
71.24 76.51
48.12 60.89
133.84 136.71
188.59 160.01
101.58 16.25
99.2 31.96
12.25 132.27
75.93 13.27
44.99 157.08
159.02 99.37
186.89 173.8
108.47 62.74
42.12 157.16
159.44 74.29
133.46 141.25
47.79 26.58
157.12 169.04
53.35 31.37
85.03 72.51
