650
143.42 91.43
102.4 24.12
69.38 53.02
25.5 128.02
156.73 84.56
38.79 125.35
150.07 42.09
86.06 68.8
11.29 192.74
10.61 30.33
29.96 18.83
23.57 63.57
142.58 111.92
181.0 107.92
126.36 56.79
69.39 51.65
158.1 179.9
109.13 32.5
148.13 91.31
11.4 144.06
41.8 151.06
128.0 77.71
175.82 18.75
25.7 148.72
195.24 19.11
117.15 194.34
33.72 126.06
85.85 83.54
133.99 40.78
64.22 156.84
25.66 121.41
191.47 154.19
131.96 125.48
23.73 48.59
133.81 106.91
94.28 146.08
68.24 81.97
151.9 85.07
130.37 20.1
174.33 53.88
37.04 196.86
144.89 18.03
128.05 162.05
15.4 152.62
191.88 142.87
29.88 57.53
123.43 54.34
72.82 152.31
60.49 29.89
123.5 10.67
38.18 128.39
34.46 161.21
137.34 178.7
97.19 127.17
144.24 24.32
52.23 70.94
153.67 139.8
151.39 56.07
81.16 183.28
158.73 48.0
180.96 161.78
86.18 140.09
79.75 117.31
45.07 83.42
75.9 23.03
67.05 156.9
160.15 170.43
46.22 121.32
189.87 71.82
56.56 75.92
141.53 187.02
87.01 120.56
81.09 157.49
183.19 177.23
181.78 189.29
100.69 168.07
138.16 163.06
128.03 55.95
55.22 178.73
63.23 83.54
122.42 73.24
172.07 142.51
82.52 64.6
185.54 186.48
21.19 91.56
62.74 199.99
87.44 21.78
40.35 159.51
20.75 144.71
104.77 84.24
173.11 98.46
93.83 64.8
167.47 74.87
115.71 150.28
14.81 129.31
19.12 31.04
82.5 47.53
147.92 177.58
175.18 115.15
189.66 174.61
13.42 57.81
158.14 20.99
199.07 102.14
22.7 99.93
139.26 76.87
45.81 107.4
171.76 15.42
68.28 190.01
118.09 183.26
84.23 182.45
128.38 181.54
174.28 91.98
30.53 172.76
71.85 168.3
176.93 114.84
86.45 180.05
158.72 191.75
129.19 83.31
68.26 124.84
94.57 126.46
171.69 127.49
54.86 181.15
27.76 116.27
106.59 136.91
110.16 126.85
97.98 194.95
112.06 92.81
58.48 52.74
102.22 173.86
111.64 109.73
14.31 10.29
193.21 178.8
185.11 91.43
110.74 188.15
142.5 85.13
93.92 51.88
34.13 17.69
66.45 77.44
188.48 113.56
177.16 58.32
165.26 102.22
27.89 33.22
157.64 20.24
28.5 101.3
158.75 115.42
78.62 152.69
181.54 42.27
173.04 175.4
123.88 21.62
58.07 121.04
87.14 152.7
160.36 88.16
123.97 25.3
40.83 138.15
79.0 24.68
61.83 68.65
23.3 54.7
165.54 86.7
76.84 60.32
195.96 175.16
73.0 188.13
70.49 138.6
101.77 16.18
186.21 138.25
16.0 113.24
160.16 62.35
136.05 106.19
87.35 34.99
48.28 34.0
123.94 100.65
102.42 164.44
150.75 185.28
157.51 27.14
142.12 26.33
64.9 16.15
35.73 139.6
62.99 33.89
119.5 140.56
40.25 62.74
47.31 35.45
198.84 18.11
182.69 123.79
160.52 34.33
170.98 46.53
105.71 80.92
13.68 181.37
156.16 198.3
37.88 16.52
152.09 74.7
160.51 35.9
182.63 136.79
12.42 141.79
39.93 84.89
83.84 171.74
84.94 126.01
41.31 14.66
46.75 120.69
189.53 11.44
49.13 193.68
50.58 120.77
114.64 73.14
25.73 187.14
142.37 63.62
48.04 40.22
39.32 20.34
137.25 20.19
125.26 125.84
180.76 86.6
21.7 86.69
195.46 16.71
154.21 44.69
192.88 133.84
21.34 167.77
122.69 180.42
169.66 176.53
186.11 19.39
39.87 63.8
127.85 136.51
187.66 69.1
107.45 101.03
86.81 109.11
75.01 186.12
130.28 34.65
142.58 35.24
89.3 110.0
115.96 88.75
171.99 75.48
112.9 133.01
167.21 49.6
154.5 111.76
157.93 17.42
167.93 126.74
193.1 178.5
191.23 10.17
96.04 85.01
86.17 79.15
33.56 125.42
163.65 55.78
32.82 32.47
185.12 103.24
37.16 109.86
95.82 102.49
164.67 146.17
87.24 156.03
71.56 174.89
14.97 171.94
19.85 72.0
152.59 10.39
161.87 162.81
171.28 180.92
158.35 181.34
193.08 122.03
168.09 167.91
78.53 186.69
126.77 147.42
50.26 171.23
159.34 91.34
120.99 124.96
52.2 70.38
62.0 171.51
199.61 29.06
29.79 46.93
56.94 42.41
25.31 44.38
91.29 149.1
25.44 76.14
140.03 108.57
104.65 42.23
36.28 180.26
152.28 181.48
139.37 131.7
29.68 152.49
87.29 180.78
157.84 14.83
164.52 15.95
19.32 94.67
121.38 126.6
75.05 65.79
128.69 92.01
197.09 188.22
47.9 141.02
117.6 36.75
37.47 20.15
124.67 177.67
66.19 189.59
194.74 30.86
13.6 123.43
125.56 110.04
29.89 95.33
147.04 174.74
77.59 187.6
152.88 43.17
140.49 178.52
191.28 55.69
58.52 49.4
146.56 20.8
63.26 164.06
67.09 163.41
157.51 82.1
36.27 172.5
191.26 72.76
28.42 21.13
60.36 184.98
165.07 154.9
134.01 76.75
77.1 122.0
83.16 100.57
159.91 80.42
186.44 159.27
147.46 113.0
121.32 106.57
127.46 47.32
25.15 116.14
144.85 96.39
46.39 178.73
168.36 128.29
84.66 56.67
189.16 62.47
147.0 96.65
82.87 20.58
184.79 163.02
26.39 36.98
122.78 50.63
55.78 144.96
82.31 158.81
99.2 23.7
11.5 158.47
186.24 98.84
47.64 66.36
121.5 196.7
156.74 34.82
127.1 144.02
12.9 132.94
10.43 160.8
112.7 102.68
171.57 50.37
142.91 145.48
141.92 38.68
45.39 173.06
117.06 129.61
101.98 113.38
48.78 186.67
38.08 31.14
167.57 40.94
172.88 121.71
94.8 69.17
31.2 54.82
191.41 178.23
55.97 112.44
30.49 111.56
50.62 123.85
82.39 25.69
171.6 176.97
114.69 137.04
156.42 65.38
179.9 87.75
183.48 49.08
183.27 189.39
147.76 90.27
172.41 96.06
35.42 64.82
28.88 197.7
126.64 112.23
40.21 154.72
28.64 129.93
103.0 154.13
76.69 121.11
136.52 124.66
37.95 186.63
147.63 35.91
113.01 127.33
64.24 84.65
178.75 43.85
164.93 88.38
55.76 17.59
53.81 160.54
150.48 60.03
72.91 179.49
149.48 64.22
173.16 32.01
69.59 186.42
37.7 167.13
51.86 135.17
153.25 16.44
192.11 126.51
126.57 188.91
157.37 175.2
16.93 85.91
160.5 13.44
107.32 146.21
121.3 80.46
60.68 182.23
101.86 195.32
184.71 57.92
27.09 15.5
34.37 134.94
98.69 143.58
177.36 42.42
12.3 53.41
187.09 83.93
53.54 29.39
158.91 85.69
157.8 119.66
96.93 44.41
22.97 146.12
178.84 193.65
50.59 31.02
188.33 84.44
120.91 22.18
42.82 136.41
29.1 11.86
86.66 58.54
160.64 129.35
60.67 154.28
145.42 127.78
80.44 96.03
60.26 104.66
35.94 36.61
41.46 89.33
85.87 46.64
76.59 174.04
184.01 172.8
43.0 44.42
144.62 143.78
140.16 19.75
129.43 17.73
33.93 10.19
133.75 90.41
189.28 88.64
46.01 119.25
56.04 15.55
41.75 87.54
76.15 41.92
139.19 143.85
173.13 34.55
149.98 64.09
57.42 171.89
55.62 76.4
19.26 117.6
96.57 141.06
105.08 90.31
73.62 55.65
27.93 33.28
98.42 94.34
160.0 173.14
53.76 114.23
184.61 51.31
147.77 197.24
140.18 164.67
10.32 105.87
94.15 144.72
52.91 117.95
51.56 175.72
36.1 171.84
14.98 52.49
27.39 109.71
44.29 123.18
158.17 148.15
149.01 162.95
129.62 184.69
185.28 110.3
85.84 121.32
48.83 75.93
15.72 147.9
50.33 55.0
169.48 64.82
111.81 121.85
97.18 105.3
89.52 70.23
183.26 147.93
100.54 25.67
101.24 129.51
107.64 48.98
19.25 24.46
198.12 43.34
105.58 55.22
74.13 134.34
157.01 134.29
43.03 76.4
124.75 166.56
166.36 32.43
158.32 47.28
96.76 174.44
92.97 73.83
99.22 81.67
182.79 146.16
125.49 168.55
138.05 97.29
67.71 14.71
12.83 124.76
126.48 128.66
73.04 83.12
183.69 107.01
39.67 106.33
28.68 142.99
91.73 66.8
129.26 23.82
72.63 97.63
44.34 62.52
94.81 105.71
84.17 67.76
117.61 152.28
42.97 165.03
34.3 57.98
186.3 14.53
42.95 85.06
146.61 11.32
15.6 175.74
41.44 188.35
36.39 195.93
157.93 11.12
76.83 23.8
118.66 148.03
82.77 66.36
166.39 199.03
50.1 166.11
29.82 169.75
95.0 115.88
145.18 31.69
20.08 179.25
68.83 118.78
183.92 113.71
130.11 17.36
90.53 199.98
107.42 155.31
36.15 125.38
20.41 109.7
142.43 48.64
86.39 33.11
91.11 54.32
86.13 34.82
96.78 53.1
93.29 63.24
45.94 108.02
174.27 52.89
26.11 165.48
167.66 151.2
179.96 146.35
181.33 153.52
120.07 127.59
140.1 69.22
41.41 66.74
148.5 20.38
140.47 171.42
50.59 55.99
119.88 97.53
177.22 192.45
153.5 136.36
101.4 111.92
149.98 121.59
142.23 23.08
80.09 137.29
185.57 141.7
161.02 132.98
184.26 179.82
39.48 39.99
45.03 29.2
134.53 25.78
100.03 43.37
44.55 47.91
52.56 140.92
120.33 172.39
71.86 98.86
84.43 111.12
141.46 43.85
15.42 102.44
161.18 126.46
163.75 49.95
36.26 149.89
114.78 167.22
126.22 21.19
154.24 134.62
199.33 65.01
141.99 106.33
180.04 112.88
21.39 131.76
75.33 102.51
177.26 193.79
51.77 193.43
181.43 103.04
178.39 161.86
15.09 124.17
67.99 165.59
15.92 155.52
197.65 64.41
134.84 146.31
30.67 79.76
28.24 21.84
177.72 163.78
84.66 187.55
27.84 41.5
104.23 77.8
84.0 121.82
13.26 48.09
41.42 69.45
195.69 130.73
192.18 40.58
149.11 109.3
103.91 123.76
172.65 162.57
78.6 158.09
112.36 116.35
188.23 90.36
108.06 47.54
151.63 86.68
143.68 180.13
73.56 120.07
32.14 150.76
164.63 70.72
107.39 24.71
173.29 62.23
88.03 154.2
155.38 92.25
15.64 166.7
198.17 62.12
43.08 39.35
194.21 122.84
80.12 37.28
153.92 34.46
143.63 59.26
15.23 114.76
128.82 197.02
42.52 44.77
128.35 47.69
148.22 83.42
10.32 38.28
72.34 41.59
18.77 170.07
170.81 182.37
177.81 23.33
81.84 93.96
146.25 46.32
176.46 180.08
50.97 185.93
49.89 135.74
154.87 123.36
66.89 72.83
77.41 171.39
86.28 156.25
131.97 111.76
65.7 77.87
83.34 75.47
127.61 79.89
85.38 160.4
31.12 64.97
15.76 27.83
108.53 113.41
188.01 124.5
124.64 191.57
40.41 148.18
