350
136.18 144.58
194.31 151.31
77.85 103.46
56.35 199.83
57.28 177.34
179.66 57.35
189.0 156.3
152.0 125.29
167.45 15.86
121.46 125.31
63.53 119.57
71.84 145.59
28.39 13.16
166.59 52.75
85.47 143.0
82.0 151.27
104.39 65.08
35.85 180.3
142.16 185.95
149.76 148.24
29.75 69.82
11.51 26.29
84.81 114.89
150.51 136.41
111.26 157.39
102.89 122.59
174.81 70.43
169.28 168.39
188.33 74.27
76.39 50.68
198.41 30.68
170.5 164.51
84.61 82.15
34.6 79.78
43.84 138.13
111.78 53.88
56.06 67.81
100.22 166.78
86.29 122.64
35.68 98.14
30.48 12.14
105.55 93.15
23.44 191.67
138.02 21.0
28.88 47.25
65.44 168.36
122.39 36.41
62.84 197.82
19.66 90.96
127.64 98.72
177.32 164.56
21.38 96.6
90.98 11.88
186.88 75.64
175.38 73.43
127.36 145.4
45.7 124.35
140.25 76.16
87.96 56.1
105.62 161.53
190.09 132.4
66.49 154.56
182.66 162.65
19.48 181.64
126.36 145.41
27.76 43.41
28.48 19.8
51.3 96.28
174.64 78.45
77.11 59.23
138.89 82.48
73.61 114.63
177.12 20.63
177.51 10.91
57.49 12.81
33.49 175.09
22.14 39.44
81.11 80.25
166.31 157.68
71.87 93.57
106.6 170.45
60.54 86.61
170.86 23.57
98.38 22.7
79.37 131.52
129.39 179.77
119.57 189.97
30.86 70.15
129.97 148.26
13.61 82.49
190.59 113.64
185.77 32.19
18.9 158.16
37.39 154.06
100.11 198.4
63.55 150.96
16.45 77.06
193.08 91.73
169.79 174.92
159.68 186.26
47.29 172.21
55.17 159.79
178.91 162.62
137.05 12.75
141.21 14.37
158.32 10.34
40.27 129.69
187.03 103.06
102.97 175.29
34.53 104.07
111.56 79.59
143.06 41.66
136.45 146.51
63.77 91.38
53.28 156.56
20.95 33.64
105.9 187.54
165.61 47.32
152.98 182.33
62.2 131.77
16.57 189.05
146.58 188.73
162.16 67.19
39.97 46.57
102.55 183.56
174.38 178.27
10.99 119.24
164.83 164.46
127.04 59.09
87.66 170.54
124.41 42.28
76.53 140.74
167.45 24.39
84.94 91.49
103.6 103.28
54.39 90.05
157.43 154.92
140.87 180.12
197.05 55.28
160.45 198.14
150.48 194.56
95.37 19.59
159.94 155.46
11.51 198.73
109.99 16.71
29.99 180.73
106.64 24.96
160.87 175.08
10.76 40.55
103.63 34.63
196.61 185.54
22.98 43.68
194.21 44.2
12.28 93.24
186.46 149.47
146.92 117.57
193.91 39.22
52.05 138.14
83.38 67.32
192.11 117.06
26.0 76.44
71.55 109.59
50.26 79.41
177.0 103.94
193.49 168.97
194.31 114.06
87.85 40.86
178.54 23.62
36.49 107.3
121.75 111.84
100.88 134.76
147.05 33.17
182.09 195.61
27.66 120.73
171.88 18.52
123.5 190.13
53.13 86.24
178.16 22.43
194.93 168.18
188.6 179.67
105.51 48.42
79.91 83.66
182.63 19.15
84.82 37.35
187.01 123.62
20.33 19.92
168.81 162.36
167.18 26.91
67.45 180.37
164.82 105.66
116.17 41.04
12.98 160.08
88.51 130.08
11.11 18.53
94.63 159.38
53.46 32.81
164.25 149.88
164.24 22.86
168.96 27.38
112.83 111.81
10.97 108.05
197.28 158.14
153.94 141.66
25.81 58.21
144.78 92.35
168.45 16.73
127.09 159.6
66.27 94.0
137.49 15.27
189.05 191.64
20.27 103.04
140.19 61.83
52.01 132.52
31.08 169.45
33.7 28.56
188.52 159.96
114.08 130.45
21.0 97.49
123.98 94.27
164.34 177.97
104.67 128.85
67.37 183.89
29.35 156.17
35.51 197.17
53.91 93.73
191.31 30.95
112.01 79.99
33.22 150.87
184.72 55.86
88.28 12.47
110.77 101.4
172.17 91.61
66.16 86.48
147.32 17.73
140.71 74.99
24.09 138.21
86.65 105.7
152.69 27.06
176.9 143.53
145.08 26.68
134.35 13.62
52.82 137.15
72.21 16.38
24.79 197.27
180.53 152.56
125.9 104.99
85.31 133.55
73.9 20.66
114.37 161.18
118.36 180.56
164.56 180.57
164.67 153.53
11.45 66.58
107.76 120.64
102.44 102.07
187.29 74.17
84.47 129.08
163.37 25.42
159.83 120.54
167.18 72.18
135.34 155.73
108.72 149.6
121.65 149.15
98.64 93.27
193.68 16.98
156.29 168.74
38.29 132.66
47.99 63.85
153.79 80.0
17.92 188.64
191.86 114.16
44.38 113.15
73.32 169.26
104.31 182.47
150.31 16.33
106.74 102.49
124.22 61.33
124.75 198.6
56.78 117.46
179.7 161.19
177.78 157.11
183.11 120.25
162.09 22.67
99.39 133.57
181.79 155.06
79.18 69.88
95.78 68.05
159.67 51.06
196.75 60.71
88.52 34.98
174.9 159.01
193.28 104.83
128.41 89.58
92.2 170.34
177.95 13.77
140.8 162.12
170.82 168.1
22.74 71.65
68.32 192.3
67.24 120.94
62.6 184.79
68.85 157.47
80.35 17.04
46.67 96.7
91.47 36.55
184.23 197.43
92.51 179.76
80.73 62.34
72.81 48.74
39.11 85.46
180.66 15.12
67.92 18.57
57.13 155.66
100.23 105.14
82.95 146.96
60.85 51.84
196.6 32.36
147.36 91.42
141.94 171.66
79.85 95.77
149.62 69.58
63.1 34.56
28.41 19.21
183.44 192.76
142.79 36.7
136.54 73.71
189.1 60.87
140.74 54.25
126.19 41.45
27.74 21.93
68.86 129.57
21.61 198.48
181.57 171.69
123.86 18.32
130.16 52.45
116.97 178.31
87.0 59.06
61.05 174.97
122.45 131.37
113.43 110.73
102.72 195.57
84.05 23.01
38.0 107.35
152.65 176.86
85.18 78.36
174.84 24.86
137.31 191.98
71.82 79.64
89.95 51.81
99.04 145.32
