300
188.75 32.55
116.0 45.27
63.38 75.98
45.43 99.89
73.95 136.22
32.7 53.44
164.69 170.35
192.39 79.61
49.74 158.0
70.67 181.52
47.69 103.91
56.48 160.28
156.73 125.51
53.27 98.9
189.82 172.78
132.89 105.83
193.6 52.03
157.19 16.46
49.27 124.7
23.19 182.18
37.2 53.1
133.36 73.17
30.62 61.64
34.54 18.57
74.03 27.59
21.97 102.52
56.37 185.02
181.71 60.27
190.1 70.07
175.07 177.66
115.9 29.89
40.18 51.28
69.08 25.75
55.22 79.25
190.23 93.47
117.84 20.88
32.64 146.49
150.45 165.62
191.68 58.14
63.27 60.97
114.9 186.51
39.42 193.84
187.4 166.51
99.21 97.43
77.87 120.14
15.05 11.83
126.29 140.64
131.55 24.24
31.78 127.27
185.66 90.97
72.09 62.73
28.7 61.36
173.66 191.15
181.43 65.96
176.06 15.09
18.15 197.22
127.0 123.76
163.95 47.84
39.74 131.01
53.87 118.52
51.91 154.42
104.05 100.75
25.62 49.7
164.71 32.04
139.93 81.06
22.93 74.21
22.96 189.66
52.31 163.45
196.47 47.01
90.89 183.86
74.96 170.11
137.39 26.57
45.89 135.84
29.08 115.38
46.91 139.66
109.45 151.84
183.45 68.9
153.29 75.64
150.83 150.05
194.22 95.23
18.42 112.74
88.82 141.19
111.43 11.02
60.0 158.73
36.53 151.34
72.39 100.97
41.13 16.01
68.49 35.15
37.09 96.73
26.53 36.89
56.5 134.0
10.46 59.3
86.22 58.28
178.21 30.67
114.02 96.86
167.62 138.25
138.01 174.41
110.27 153.22
78.69 29.93
37.85 124.6
78.32 47.21
61.96 99.73
128.98 31.64
96.05 128.52
74.9 141.52
110.07 132.02
58.99 184.17
128.11 169.07
165.02 84.32
39.54 78.8
139.25 158.96
195.31 140.01
115.52 154.5
138.05 29.21
116.29 196.04
149.26 153.57
191.6 183.45
171.99 104.56
183.83 39.24
11.69 140.24
98.45 147.97
150.55 120.97
54.82 20.02
79.2 108.33
11.53 132.11
64.53 48.55
193.33 175.79
22.05 70.83
25.03 88.38
125.6 134.52
42.1 16.96
163.72 197.7
92.18 133.89
170.34 100.85
85.83 175.69
25.15 123.44
103.31 17.24
191.09 172.99
101.88 44.85
161.84 193.39
123.3 40.7
13.81 146.27
69.65 41.41
97.28 17.2
195.26 188.22
121.28 57.05
179.2 148.02
81.43 134.14
155.17 97.38
17.04 98.1
15.61 58.32
74.9 122.74
74.91 78.36
167.24 197.07
152.89 114.74
42.97 96.08
140.44 180.23
63.26 78.33
64.4 12.95
125.58 137.22
158.57 193.87
150.44 160.66
42.88 108.74
132.04 176.15
154.96 191.1
167.83 28.77
33.29 162.13
82.66 133.41
88.7 97.13
59.34 54.36
48.38 46.12
120.26 114.01
131.45 10.11
95.83 191.97
120.51 181.8
185.9 18.52
147.95 185.22
15.36 135.19
48.25 174.84
80.97 46.34
24.92 24.55
119.39 161.62
161.53 192.16
91.38 92.41
90.07 48.43
104.8 19.55
44.27 46.45
159.58 138.89
88.39 186.85
35.14 13.39
69.6 84.89
113.3 145.48
184.25 168.61
79.84 198.57
160.64 145.7
83.24 187.31
159.48 25.04
92.19 91.22
88.4 143.71
137.82 52.18
78.19 107.34
22.11 162.63
59.66 180.73
60.26 46.58
75.57 52.32
163.84 10.87
119.24 30.36
136.14 164.27
118.41 156.19
97.98 167.57
30.33 161.94
23.94 194.04
184.79 187.09
11.89 175.07
107.81 82.28
80.12 72.01
125.04 79.14
17.98 181.58
187.17 92.06
185.19 124.68
172.48 196.25
46.61 51.42
59.19 126.33
62.07 112.13
138.6 140.13
136.64 35.32
194.17 95.61
30.0 134.65
100.14 73.9
16.86 34.89
147.34 153.73
189.18 54.82
171.05 21.05
119.05 36.38
132.1 12.36
99.7 78.72
85.45 153.02
72.85 181.9
100.1 147.58
193.48 44.6
126.68 71.12
120.61 54.22
193.24 101.09
133.49 136.93
159.96 19.65
79.53 195.27
145.88 16.53
44.89 132.29
102.79 22.41
93.31 41.7
43.79 137.1
145.46 145.37
142.59 10.63
111.82 166.27
31.68 43.38
38.42 97.83
66.77 184.48
157.32 146.18
10.77 142.42
132.93 167.16
57.52 83.99
141.56 116.81
86.5 129.98
132.42 96.79
194.11 181.75
63.6 13.4
175.82 89.92
145.27 38.88
116.26 144.91
160.88 155.95
197.07 194.77
47.76 84.07
59.59 190.38
38.86 88.33
46.1 120.52
177.31 62.69
177.85 158.35
134.09 96.51
53.94 128.14
77.26 191.19
100.91 137.09
57.86 137.29
22.1 190.08
66.37 19.32
18.37 120.38
68.77 41.92
151.75 59.97
59.7 62.91
195.92 194.77
190.81 17.61
90.35 25.45
102.16 73.9
81.78 67.7
175.48 188.2
41.48 78.94
131.16 154.73
74.9 177.81
31.82 116.29
158.95 145.13
11.67 40.29
