1000
95.79 92.28
169.68 65.85
46.07 109.76
173.05 48.33
72.69 71.76
38.47 189.37
116.12 133.94
46.83 159.98
48.22 190.09
42.91 199.32
18.37 160.77
110.63 162.02
158.89 178.98
13.92 143.78
52.8 46.77
159.91 69.57
188.73 132.41
73.02 65.26
16.24 76.93
110.71 22.99
79.45 81.61
78.53 195.17
67.91 155.53
153.08 111.37
92.58 151.95
144.92 110.74
195.91 168.81
116.58 103.05
114.78 98.69
176.34 21.44
161.97 21.07
46.86 145.21
171.69 192.56
183.8 90.66
61.72 74.6
79.11 74.89
64.7 116.72
162.85 137.31
83.04 196.97
146.67 48.28
126.33 98.74
194.36 57.7
112.67 46.56
36.8 97.21
172.98 155.95
163.26 175.04
41.68 116.93
108.92 129.35
162.5 193.19
165.77 56.87
79.77 173.81
175.42 89.27
118.93 192.55
47.63 60.18
85.59 136.73
138.13 167.1
121.95 58.98
109.98 174.38
186.65 68.34
52.03 86.37
29.66 88.55
133.22 196.55
86.84 56.33
64.5 104.34
190.98 194.74
165.46 28.04
174.0 45.65
197.36 173.24
147.41 17.44
112.1 66.65
157.13 134.24
64.59 70.83
106.52 47.39
180.58 137.99
105.98 122.67
61.06 190.59
147.91 22.79
61.48 161.72
176.72 180.62
149.67 105.43
48.41 17.96
53.84 189.83
122.82 29.11
122.53 149.69
190.58 85.26
79.98 158.0
91.53 197.96
50.91 10.87
174.71 139.74
10.45 192.3
89.79 187.76
155.55 121.91
101.05 13.98
119.85 105.8
47.28 92.42
88.81 132.2
190.79 59.79
25.73 180.32
151.51 134.5
11.7 129.21
29.98 164.62
68.56 107.58
63.79 39.49
195.8 183.23
121.79 116.94
96.63 27.33
107.74 34.64
89.01 100.94
103.2 194.2
57.79 30.75
71.76 145.45
90.67 36.9
145.31 40.41
64.7 43.32
52.0 42.84
94.11 199.53
63.14 198.23
166.3 91.46
196.55 174.76
40.46 75.33
160.97 146.33
27.28 100.82
121.97 60.18
31.37 51.2
59.47 158.56
52.07 23.0
55.79 66.13
92.92 107.29
70.73 173.49
197.01 14.17
119.06 163.79
44.45 143.66
176.91 72.1
69.72 31.73
41.14 53.76
55.44 23.43
42.4 72.86
166.38 68.42
197.8 71.54
87.39 164.04
65.42 173.04
186.33 188.25
183.95 164.05
123.28 198.24
46.47 24.14
193.56 99.2
154.21 109.89
88.62 10.7
133.16 80.15
106.81 110.31
131.65 161.91
140.01 151.88
26.09 27.41
109.87 35.45
111.76 123.86
144.26 76.26
170.06 85.59
20.71 113.48
46.73 55.23
51.69 83.53
147.43 132.82
168.65 170.19
138.54 59.3
22.39 110.46
107.67 114.71
65.06 99.52
133.14 164.7
92.96 87.18
84.79 34.81
181.04 71.19
141.69 71.35
158.44 195.33
190.87 177.5
184.01 68.2
136.64 74.46
71.11 21.17
59.66 56.5
29.81 149.93
27.15 68.85
189.49 103.68
53.65 19.95
184.71 196.46
125.99 159.65
150.14 199.95
163.35 76.56
149.07 164.43
67.71 179.59
189.2 104.98
59.73 75.43
108.44 162.63
190.84 180.39
158.0 178.31
106.58 78.72
166.03 192.49
196.14 198.62
123.52 72.2
58.46 120.23
57.24 77.1
165.82 150.83
146.2 75.18
54.46 91.66
82.61 101.77
126.62 179.54
62.44 72.63
86.75 110.32
34.11 74.6
98.33 156.69
103.83 103.7
43.83 171.13
61.89 147.23
39.33 89.34
160.15 12.91
161.84 58.7
52.57 53.28
57.2 49.13
54.57 162.76
178.75 28.69
79.11 132.6
96.2 44.0
112.99 105.44
192.13 157.72
20.23 14.36
132.48 188.87
149.94 49.21
194.84 42.61
45.14 106.96
142.3 51.17
185.44 92.48
180.93 15.3
158.29 119.67
164.18 98.12
91.23 178.22
38.77 180.36
103.9 180.53
28.36 12.49
64.82 31.9
21.97 52.48
30.67 126.6
93.3 111.73
21.57 160.67
92.46 137.06
13.16 163.03
27.54 148.89
25.64 120.01
124.15 62.26
54.98 105.53
199.43 145.39
96.36 149.53
104.12 176.73
146.35 77.06
31.8 184.72
78.75 99.14
35.99 145.65
190.51 94.56
167.42 51.5
98.11 124.49
96.43 108.65
64.38 94.09
62.11 13.06
70.73 113.19
167.92 122.02
31.72 59.59
189.97 170.64
132.12 49.55
71.65 59.29
67.83 75.28
106.94 99.08
199.55 107.59
18.86 103.1
23.61 37.24
28.86 63.93
49.63 13.89
11.25 187.15
28.67 175.98
192.21 188.17
162.89 176.73
193.67 196.94
52.84 140.24
175.5 96.18
173.37 51.79
60.89 129.54
17.71 68.99
119.21 41.26
124.03 46.57
57.41 85.01
176.16 197.31
19.7 22.38
40.82 26.19
111.25 144.41
118.71 121.77
163.97 189.03
194.31 106.15
80.62 195.26
136.95 132.31
55.77 108.51
128.0 24.59
180.78 40.96
119.42 149.47
163.8 143.67
32.29 29.23
62.13 38.88
144.74 95.02
83.29 155.34
197.88 33.57
123.94 17.35
20.87 18.07
126.78 31.31
110.84 146.06
87.29 91.4
47.21 124.23
164.38 188.59
83.36 68.69
52.18 117.54
155.9 195.24
142.47 156.29
58.44 158.73
117.41 194.81
161.91 76.52
173.79 34.59
33.53 17.81
167.79 80.03
194.99 178.43
139.19 12.17
56.69 53.78
116.87 60.18
163.75 152.17
192.21 161.86
55.53 41.4
151.53 96.34
180.07 172.28
185.75 105.28
112.26 118.56
12.13 77.17
30.58 72.11
134.45 93.3
94.68 27.51
164.29 188.02
128.14 136.05
160.5 85.7
21.7 61.31
166.14 79.94
169.28 11.86
13.46 118.61
171.43 26.54
127.03 36.42
196.15 193.17
170.83 22.57
171.75 29.18
114.2 119.79
27.27 28.25
93.96 50.04
130.87 50.36
125.02 158.42
194.56 91.81
97.73 98.32
93.52 122.73
78.95 59.23
26.39 146.71
62.16 66.96
16.2 91.25
107.93 90.54
34.56 189.38
71.16 19.4
161.06 46.48
141.19 114.62
178.58 34.68
158.67 61.63
36.59 158.03
167.29 129.49
124.7 122.39
129.14 155.76
125.08 151.12
137.93 170.49
106.7 14.5
197.15 44.17
170.27 76.13
45.3 64.06
152.02 89.44
170.98 144.52
23.06 165.88
142.81 171.38
123.68 36.17
47.57 94.32
107.12 174.07
136.05 183.61
99.68 60.13
155.92 87.06
20.17 174.16
26.01 65.6
85.35 191.97
23.28 114.66
20.3 110.34
172.21 35.76
65.81 119.06
157.75 163.49
144.78 44.33
101.14 79.42
70.06 183.56
65.1 93.6
62.07 43.86
112.36 188.76
130.45 40.96
129.99 136.55
131.49 142.76
41.73 157.63
13.75 18.04
124.15 193.79
195.11 183.91
137.38 79.2
154.23 73.96
169.01 184.67
118.39 117.29
194.2 150.95
27.42 152.83
128.39 23.79
48.95 181.8
35.32 155.02
156.39 191.15
62.06 119.59
13.24 95.06
59.04 177.6
85.42 79.58
38.76 88.13
163.06 39.78
45.3 190.16
94.75 62.78
108.11 178.77
170.0 29.13
167.35 191.69
174.47 57.0
185.27 88.47
79.01 55.76
89.89 146.83
31.4 166.58
168.93 51.54
175.06 96.67
131.29 80.32
190.74 162.92
137.76 126.85
198.35 72.95
198.97 166.5
84.02 162.88
120.2 53.63
134.16 99.23
15.42 94.94
42.37 10.66
18.06 114.86
20.38 174.81
198.06 77.92
102.4 13.74
125.67 110.79
180.98 64.21
48.17 150.07
82.54 128.68
83.78 31.35
168.69 74.28
16.97 179.82
138.96 110.47
163.31 58.09
75.86 92.52
34.49 190.38
78.16 141.78
41.69 30.62
11.84 105.35
148.92 107.2
17.29 141.22
177.63 117.28
185.42 116.33
30.92 27.26
54.77 12.23
95.58 114.73
14.91 61.54
92.41 59.26
124.94 73.1
16.63 82.7
124.67 66.29
164.56 32.3
46.25 15.24
89.97 116.43
81.46 106.5
92.98 27.56
185.48 34.93
103.09 182.77
173.39 37.55
19.96 21.64
173.66 46.36
28.35 114.33
109.32 185.44
65.81 74.39
154.97 178.37
41.24 45.71
14.31 65.92
104.77 73.67
121.49 199.3
73.53 155.13
31.93 134.03
23.5 64.26
50.87 167.72
73.3 84.85
48.77 53.44
74.64 192.72
76.43 107.52
81.14 147.86
159.46 80.49
127.2 58.91
42.28 134.23
23.28 128.15
157.03 60.26
77.17 145.36
173.02 16.87
87.93 128.67
54.42 170.6
41.73 159.76
113.45 41.1
137.18 52.74
170.75 72.06
16.71 131.65
119.81 69.48
37.78 44.9
136.27 154.49
30.18 174.24
187.87 19.92
174.42 34.01
89.5 26.59
192.22 20.62
62.28 34.16
157.43 160.08
90.26 106.15
98.96 127.49
43.74 48.79
26.41 151.98
146.94 24.82
185.96 77.92
50.05 108.74
137.74 155.95
16.76 184.89
186.89 116.26
129.37 105.08
21.76 143.97
92.64 59.84
26.24 181.9
53.98 47.94
152.08 27.04
85.33 63.59
10.7 150.29
144.81 140.79
67.85 153.44
196.58 185.9
91.72 73.43
64.17 196.48
175.39 122.28
180.79 190.12
113.77 93.94
193.36 123.05
62.37 57.76
143.32 89.74
76.54 48.27
93.1 145.87
18.97 149.39
178.18 198.18
177.76 190.22
194.29 12.49
48.43 63.41
194.54 52.9
158.23 162.55
68.43 85.7
112.43 41.99
45.97 182.59
143.94 50.16
79.81 23.33
17.49 129.21
73.27 192.93
80.87 80.14
83.63 164.79
16.95 71.41
44.34 127.14
69.46 136.36
131.8 18.1
179.6 101.02
79.08 120.84
56.77 125.12
76.86 13.83
93.12 154.06
69.27 80.28
76.64 169.0
180.03 179.5
89.36 71.18
70.56 122.76
80.21 183.76
114.95 57.45
188.98 188.58
157.33 89.94
157.06 130.72
111.03 137.05
32.39 179.46
144.52 141.22
20.19 132.08
60.58 108.42
54.04 118.03
135.15 160.9
134.27 75.8
168.99 75.39
138.86 55.23
92.79 27.99
47.31 102.53
25.92 149.48
153.54 60.56
72.22 90.88
99.07 83.29
125.03 10.7
192.56 111.42
164.67 194.7
172.52 26.45
113.53 46.13
40.13 112.75
41.06 176.53
58.28 34.39
183.63 66.24
99.86 44.77
128.15 185.63
186.47 171.39
92.6 65.29
170.71 81.12
139.33 110.54
92.79 168.0
157.89 166.92
139.83 129.73
124.53 54.76
20.59 28.88
126.73 66.23
62.56 164.45
74.3 10.65
186.84 140.14
106.27 72.06
54.35 176.83
77.73 93.38
56.8 15.11
173.26 194.62
150.48 186.52
114.22 39.89
60.82 28.74
122.45 79.54
109.62 35.46
44.3 157.4
167.95 34.1
144.7 144.59
130.8 103.87
73.1 159.06
10.64 130.36
106.24 136.87
101.18 117.11
68.1 150.98
146.41 90.13
35.18 118.21
83.25 134.66
100.17 180.11
134.34 160.35
110.92 60.54
192.18 115.01
89.15 122.19
137.25 90.29
185.12 10.7
72.26 159.59
150.42 64.06
35.17 104.71
123.67 140.62
54.88 68.77
196.54 57.98
165.19 139.6
79.0 50.06
121.5 197.64
182.92 196.25
113.96 54.72
80.75 159.72
113.94 73.72
70.5 77.95
96.08 122.01
77.49 177.45
117.11 110.35
133.32 117.79
78.42 187.96
159.76 162.22
48.76 47.68
37.49 195.87
47.82 165.62
95.34 13.7
176.0 132.14
50.0 163.57
32.03 100.23
33.61 191.33
69.35 122.6
82.63 52.07
73.16 154.82
14.09 20.73
73.41 127.89
190.54 95.53
170.85 115.69
26.42 45.08
99.49 173.39
181.75 114.22
51.1 88.08
98.2 98.35
127.54 88.41
154.89 78.45
54.89 177.12
51.71 87.63
142.03 194.76
161.76 24.97
150.59 65.35
157.67 141.01
116.4 38.69
36.39 14.29
35.78 151.73
187.58 89.95
19.72 120.22
99.9 197.67
25.31 132.23
27.75 192.34
31.51 61.5
94.8 105.6
38.1 34.76
11.22 57.56
195.25 31.03
108.79 157.07
176.21 60.57
35.46 121.63
126.34 29.2
178.0 144.49
33.56 84.23
99.54 125.97
87.38 75.13
113.25 166.91
183.96 96.22
198.8 81.28
153.69 151.24
96.3 94.43
196.78 141.0
144.2 113.37
192.37 72.17
186.69 76.65
15.78 85.21
194.19 90.98
29.4 141.62
95.95 51.1
57.53 122.96
109.84 18.74
48.03 101.52
161.2 108.2
78.07 17.75
11.92 103.1
84.52 51.08
11.57 31.41
124.1 91.41
192.67 28.68
21.79 162.99
64.69 100.74
81.0 188.74
185.02 156.3
16.69 164.54
86.12 113.47
83.95 169.72
92.09 118.07
70.89 134.41
53.12 48.09
143.34 52.29
26.73 126.57
121.83 149.33
61.8 17.44
71.54 179.03
44.61 101.27
21.01 119.82
30.48 79.58
28.31 149.94
22.04 182.78
115.59 71.64
69.8 171.08
44.35 170.37
38.38 46.64
28.51 127.98
151.07 112.4
84.39 135.71
103.02 102.83
18.23 46.47
79.96 111.09
97.61 153.46
121.82 131.26
19.02 27.74
13.84 43.96
131.68 84.21
83.34 63.78
58.07 160.41
177.61 45.76
15.45 142.53
52.02 88.92
169.58 126.91
187.32 59.04
95.36 26.62
12.97 26.2
57.9 52.25
198.58 153.14
104.21 21.77
103.96 185.88
62.97 184.06
102.34 61.95
44.33 51.6
45.66 144.79
56.06 197.85
185.46 137.58
39.06 60.83
57.56 88.91
45.02 22.32
150.46 131.76
138.67 35.34
58.58 12.25
154.91 156.55
31.04 35.37
107.74 152.1
45.07 41.78
170.56 73.03
189.56 14.02
50.49 116.3
111.92 111.4
98.88 191.66
161.95 190.86
163.79 59.27
103.82 121.25
63.75 151.85
26.89 148.04
130.31 156.37
35.64 198.84
114.18 89.07
160.91 83.59
168.22 117.23
158.47 87.17
107.91 157.12
181.14 115.49
110.02 179.75
13.15 109.48
146.01 154.52
181.26 44.83
22.04 46.83
156.24 52.47
100.03 161.64
177.2 93.36
96.77 152.87
150.61 105.56
49.63 43.98
94.69 23.49
71.6 19.11
22.17 166.87
97.44 45.73
138.44 82.6
72.4 77.1
102.09 33.41
89.73 130.33
36.76 148.05
191.2 63.93
145.31 16.3
192.61 120.48
20.45 162.69
27.06 157.63
138.49 81.75
17.14 172.45
174.03 163.7
184.86 158.8
145.55 61.32
61.4 83.5
132.94 91.11
111.3 46.39
13.1 17.8
91.9 65.39
123.82 53.29
161.21 15.05
91.59 69.44
27.71 120.39
157.52 143.42
27.68 176.05
78.88 30.96
95.7 161.04
87.74 56.42
101.85 138.2
85.41 121.82
135.42 177.18
180.48 195.05
77.83 185.94
18.24 81.33
39.3 75.56
101.5 100.28
191.33 165.78
85.14 164.06
73.07 187.13
92.39 175.9
37.29 112.57
137.99 58.45
40.75 35.91
160.64 154.1
132.94 71.72
194.28 56.86
172.81 121.46
71.82 115.59
159.37 23.86
102.86 58.65
163.13 183.3
182.59 122.17
159.51 34.38
64.75 197.62
101.93 76.47
74.54 187.16
97.04 83.28
156.64 54.57
159.6 77.92
38.37 90.91
135.73 151.26
132.17 91.26
20.8 15.71
157.7 176.03
180.82 125.44
155.6 150.5
93.47 140.24
20.46 79.23
25.1 194.08
30.54 41.55
24.16 191.18
39.73 197.48
170.3 77.26
193.95 103.73
67.4 112.78
115.12 105.36
17.86 161.98
138.01 20.63
190.12 42.84
35.79 132.98
36.07 196.95
17.13 164.75
37.59 188.36
118.39 29.89
80.48 190.84
66.15 192.54
90.54 148.8
60.26 15.17
129.83 193.44
57.38 173.6
113.63 84.44
132.06 112.18
162.5 187.53
133.05 179.78
14.49 108.98
111.28 196.21
171.45 163.27
198.32 189.2
75.38 27.13
101.04 37.47
111.5 148.05
34.84 79.87
58.32 82.63
70.86 190.62
116.62 39.01
125.97 50.51
95.66 56.64
58.93 18.03
14.94 64.28
175.64 154.68
67.34 196.82
46.37 29.65
161.9 122.45
26.21 164.09
189.25 128.02
105.66 95.91
54.7 105.23
72.69 145.16
80.45 148.22
154.47 146.18
78.53 36.9
48.91 46.62
50.48 114.05
131.54 191.24
183.03 63.12
45.02 153.49
185.6 154.71
196.55 16.38
74.64 39.53
185.41 59.47
152.68 142.93
109.3 130.53
98.0 104.86
115.38 148.76
149.62 12.3
10.17 176.3
127.12 21.98
90.19 33.92
179.8 167.14
113.5 134.1
121.37 191.14
143.48 184.59
119.36 196.08
126.84 169.57
17.62 35.46
79.1 115.59
51.51 81.18
101.23 94.75
