750
20.28 171.03
115.4 30.44
72.44 169.55
136.93 70.24
114.34 81.03
173.1 100.76
17.25 152.52
83.66 190.04
58.92 10.36
109.4 98.58
141.05 96.82
182.77 194.58
111.05 70.37
120.9 89.95
84.43 141.77
138.12 111.16
100.97 83.24
77.03 138.27
128.35 105.97
104.03 50.57
81.52 143.98
74.82 68.52
95.09 122.08
80.13 47.01
110.23 45.1
55.69 113.94
149.06 38.74
136.49 15.48
83.27 179.69
153.74 160.8
97.7 12.44
114.07 71.78
58.47 175.46
99.65 20.54
179.6 171.41
30.44 98.01
172.6 185.73
11.74 181.38
22.81 76.87
65.49 125.33
72.05 149.6
102.23 69.88
188.3 87.13
33.35 50.45
121.54 125.51
73.42 89.48
70.76 55.38
98.49 29.58
60.39 101.31
29.93 175.18
112.63 75.83
78.41 144.67
69.81 133.38
162.16 81.42
129.29 85.06
63.99 68.66
197.91 135.82
154.04 35.61
68.79 67.03
177.05 191.3
60.03 80.81
33.91 35.92
188.17 116.21
120.63 80.39
93.71 134.88
122.75 44.61
90.4 139.18
134.09 88.73
10.57 13.96
123.44 38.86
19.78 40.81
158.53 54.38
151.31 71.95
20.57 42.36
71.54 60.18
126.07 132.22
11.48 37.03
163.99 54.24
93.34 198.56
101.14 182.68
24.12 39.69
146.45 91.88
172.75 153.79
60.75 122.52
163.5 50.59
63.31 94.62
196.73 191.83
89.29 17.73
100.5 78.32
75.9 182.92
31.24 73.82
99.38 198.15
168.06 26.52
82.12 129.57
64.65 188.81
32.65 14.28
159.85 104.73
172.37 89.99
10.01 125.11
55.1 41.59
166.39 108.07
154.61 126.54
110.72 56.69
188.96 152.84
193.86 145.36
106.02 156.95
186.96 139.88
97.31 39.89
144.96 12.21
176.52 67.66
122.96 58.79
157.47 96.31
137.53 168.16
14.94 171.85
42.85 51.14
190.26 48.31
145.0 192.29
167.7 173.21
27.75 105.15
12.29 58.09
71.43 10.44
114.19 10.16
83.12 77.88
51.62 154.99
34.12 167.94
28.4 185.53
13.56 66.77
85.49 151.32
164.38 74.4
18.39 132.38
177.57 164.12
167.6 154.93
20.55 16.21
115.14 30.63
188.35 167.41
152.63 23.8
168.85 69.58
23.06 56.42
196.12 80.77
157.39 59.41
70.17 35.52
63.74 91.16
190.13 199.89
73.66 35.93
82.18 97.43
177.43 159.61
104.97 25.95
56.15 92.35
86.1 13.1
59.06 177.39
106.33 79.13
15.93 88.41
13.3 49.19
149.32 148.33
55.08 52.51
120.42 17.6
187.39 192.49
11.24 109.22
102.67 76.46
142.02 62.14
106.72 164.88
98.47 96.82
37.36 25.88
160.59 195.51
85.96 62.66
117.39 15.09
160.35 150.66
132.47 105.32
164.34 89.92
125.1 22.1
168.2 180.45
73.87 20.44
189.02 173.17
52.85 85.05
131.03 89.93
84.52 166.87
174.78 10.92
112.81 101.65
179.34 32.84
68.69 53.11
18.49 91.88
55.39 163.26
113.51 159.17
169.23 95.93
194.75 136.78
185.99 174.94
159.67 22.02
79.72 174.98
188.92 80.72
166.67 98.46
160.47 39.55
137.83 183.74
188.94 116.3
25.32 101.69
78.46 146.83
120.11 49.53
152.02 146.96
169.95 181.78
140.94 175.57
109.15 195.48
137.5 142.04
105.81 124.61
194.6 112.8
35.32 108.25
138.37 45.71
29.41 27.32
78.64 16.4
29.66 155.82
179.19 184.49
182.5 28.49
22.09 21.69
147.02 124.87
99.45 121.4
115.29 92.93
57.72 36.26
174.36 24.05
144.98 192.34
18.94 179.85
125.67 160.93
106.64 161.55
199.82 161.35
78.53 39.27
71.38 186.98
44.93 49.33
43.64 188.9
108.47 154.38
28.44 114.29
74.46 126.17
43.32 52.52
150.71 17.58
176.64 195.81
138.82 174.71
193.95 167.93
30.48 35.65
33.01 185.6
116.26 39.35
66.65 179.37
111.46 33.06
85.14 68.95
41.0 96.06
10.33 185.0
59.74 144.05
147.77 84.37
44.6 105.13
10.42 27.36
31.98 173.86
156.1 138.86
81.1 39.64
65.14 17.79
54.47 175.68
69.7 73.94
164.16 26.94
192.6 13.46
130.86 98.08
66.78 17.05
195.37 31.07
106.49 95.98
48.98 83.78
30.81 192.35
31.71 163.18
43.98 26.04
131.55 28.25
64.05 189.03
17.57 96.97
82.17 53.85
102.98 29.04
147.51 155.85
48.03 160.23
184.74 96.24
183.27 157.62
156.39 172.9
133.75 127.49
121.31 65.8
147.74 140.83
169.06 46.6
188.09 57.85
64.75 195.57
170.62 101.81
81.49 63.9
108.25 63.31
134.34 190.22
45.18 73.69
179.9 90.3
178.56 96.34
78.73 143.1
74.1 163.21
134.91 123.14
71.64 112.35
25.67 175.82
108.68 77.55
173.91 125.87
61.81 84.73
157.06 195.35
150.22 86.03
191.56 73.87
12.48 13.72
146.26 18.21
82.86 13.21
92.94 197.66
123.82 20.84
176.02 97.19
86.58 41.3
138.49 182.65
130.59 108.04
130.77 172.58
75.05 172.31
90.45 24.87
129.64 60.41
107.75 181.7
37.25 51.12
42.94 141.81
65.02 129.61
113.16 47.74
133.26 36.88
109.29 85.0
101.06 18.99
171.07 96.65
94.11 61.99
23.08 82.75
148.19 67.52
55.52 127.7
177.58 166.18
167.06 26.89
111.27 18.79
20.53 130.46
52.93 188.97
94.92 166.74
67.6 101.68
71.03 66.28
18.64 89.62
116.92 43.56
32.15 18.82
90.66 108.79
51.81 32.88
162.26 154.02
162.61 91.83
107.28 166.61
24.45 106.39
21.32 185.63
164.49 70.73
124.11 115.67
183.31 158.52
26.03 163.05
53.29 100.6
26.73 15.93
25.36 81.53
154.39 21.39
166.08 51.67
44.53 198.1
121.47 142.33
147.34 98.98
184.67 87.23
44.48 136.42
182.22 19.89
73.94 158.29
186.16 27.4
19.02 124.01
167.88 151.3
105.18 136.84
159.58 161.23
128.02 108.76
27.84 92.52
144.93 13.59
135.15 10.25
25.21 76.38
32.51 157.97
134.67 192.56
107.44 194.1
37.78 145.82
118.36 168.55
140.28 196.4
115.8 31.92
191.54 38.8
125.37 44.01
97.17 38.32
82.02 11.48
11.78 62.53
108.76 101.28
152.68 169.86
172.52 71.94
85.54 87.18
184.67 159.43
86.2 73.38
189.59 120.44
73.97 197.13
90.32 42.5
181.68 111.46
118.96 98.15
169.21 107.44
124.53 70.4
91.04 40.33
20.02 116.24
93.99 177.29
133.13 61.63
198.43 109.98
152.5 170.37
23.26 97.48
156.34 12.97
70.04 56.62
127.68 159.08
17.59 170.16
15.7 175.17
199.55 47.7
67.47 175.75
155.49 155.53
10.66 123.72
93.56 185.38
169.35 44.12
89.72 142.63
118.45 77.09
85.92 175.53
141.38 46.03
39.97 66.29
157.81 176.94
103.76 194.38
85.85 139.94
24.36 136.39
45.96 28.42
169.42 80.44
183.32 156.34
104.88 76.21
59.83 43.5
125.15 33.19
69.56 130.36
129.91 33.49
159.69 159.39
122.17 153.43
25.43 74.81
53.54 159.66
104.63 118.89
114.39 176.49
133.43 169.44
65.27 156.23
21.4 181.98
72.18 79.33
133.13 116.87
161.74 95.37
37.43 69.82
130.74 110.36
83.82 145.49
16.7 11.05
16.84 134.08
160.19 40.37
90.75 87.26
152.31 54.78
187.75 20.48
90.73 101.94
22.8 158.44
188.72 76.83
20.28 122.73
84.97 150.85
147.22 83.47
135.79 89.96
167.93 19.47
162.04 34.92
73.81 192.59
56.05 120.48
104.6 89.8
188.45 171.03
184.54 16.06
16.21 103.5
143.24 118.44
184.42 142.72
47.44 51.18
160.8 156.82
123.18 162.26
174.44 28.94
170.55 169.19
156.76 153.47
167.67 179.87
153.34 166.97
138.03 55.93
42.96 100.08
78.91 152.2
144.61 155.35
107.54 114.1
146.09 119.9
105.79 63.48
97.74 16.51
199.93 55.1
80.66 48.25
27.14 139.23
104.72 76.89
55.34 167.65
29.52 194.0
96.31 170.77
18.18 103.56
135.88 134.97
42.16 98.36
155.59 116.36
189.72 47.64
102.59 196.78
98.66 129.82
111.63 137.99
131.49 160.38
166.31 60.62
93.21 181.38
193.51 39.14
56.4 112.41
88.9 85.64
140.59 148.82
40.17 82.38
99.35 78.21
98.96 159.95
119.85 39.22
34.16 48.45
80.23 74.05
33.11 50.93
16.74 165.68
150.12 20.54
100.56 177.4
88.54 41.59
126.25 191.18
129.99 167.98
10.5 139.25
116.26 135.12
100.2 94.93
182.72 127.71
20.14 123.33
159.71 195.14
143.91 98.99
168.37 168.97
17.52 93.32
60.55 77.82
92.41 114.45
161.63 126.15
67.26 76.39
197.57 187.51
92.18 150.78
198.27 177.89
96.18 163.1
67.02 12.41
38.48 176.52
129.93 66.28
80.52 79.15
15.77 167.29
181.64 61.37
51.99 160.02
30.62 147.45
95.32 145.23
70.08 159.12
28.94 32.15
18.05 15.82
27.4 136.35
186.19 80.49
170.17 59.02
124.23 22.99
148.22 163.34
165.12 103.51
46.1 16.06
158.26 182.99
186.17 78.98
120.04 50.24
64.96 70.07
106.67 42.2
54.15 70.51
110.45 152.59
12.53 41.14
10.52 91.46
46.7 120.82
139.5 113.84
51.34 14.46
68.86 145.01
138.48 37.8
156.21 198.49
162.58 86.49
149.21 38.37
147.07 163.82
151.72 115.74
106.47 158.24
72.93 51.04
96.26 21.0
151.84 161.1
125.42 64.43
186.02 11.05
141.68 125.03
138.37 53.58
88.78 74.39
77.93 142.26
153.68 170.65
148.03 17.71
172.0 181.16
13.99 130.43
82.48 50.63
76.49 165.49
169.49 21.61
119.63 129.82
32.25 106.56
69.67 141.88
61.31 159.25
105.51 167.06
165.67 167.74
177.94 131.55
121.87 62.93
147.97 134.13
197.63 155.28
178.19 129.79
28.88 27.27
21.87 21.97
37.0 64.86
34.85 37.95
70.38 174.2
91.32 106.5
15.06 173.26
176.21 143.69
43.94 133.78
166.93 34.48
67.85 191.49
13.36 116.48
166.87 58.65
190.05 123.08
46.58 162.09
60.18 36.11
80.71 53.15
167.46 82.85
27.57 158.78
71.47 89.53
196.14 109.9
88.79 13.99
13.54 88.25
80.36 12.61
91.83 95.4
82.61 130.31
30.35 81.01
32.01 97.47
66.4 11.75
59.65 111.51
143.37 185.03
138.0 74.41
29.83 151.58
84.84 163.86
74.05 93.32
151.25 102.8
56.16 142.78
73.85 78.24
86.62 184.09
12.77 147.18
164.19 101.36
13.27 69.82
199.49 73.73
157.25 175.1
51.65 27.17
102.55 186.85
165.1 102.11
92.42 56.31
61.01 104.19
108.8 165.38
127.46 53.33
115.78 91.41
168.28 118.94
104.14 100.54
68.58 162.19
37.41 118.84
177.41 69.92
133.91 134.96
155.09 186.89
115.81 109.69
74.81 46.51
126.23 181.91
168.81 18.42
99.28 68.79
109.73 108.88
61.73 36.25
194.5 161.91
182.15 11.82
159.45 20.37
104.18 112.97
67.76 61.08
187.5 178.4
172.2 87.23
134.44 148.42
193.97 168.98
66.9 111.63
19.17 32.55
155.73 82.21
155.11 56.78
138.08 111.92
68.92 66.29
171.99 168.13
122.69 59.45
36.35 116.96
196.89 55.5
199.73 74.54
102.79 35.68
164.28 59.13
59.81 137.95
118.08 114.9
159.17 181.9
25.59 14.4
110.29 145.66
127.04 169.15
31.2 162.79
57.31 152.53
62.99 55.85
21.7 91.44
105.46 115.94
52.31 12.67
161.71 55.2
179.15 136.5
131.75 176.98
123.65 72.38
176.33 167.59
195.67 98.62
153.62 133.4
128.77 168.58
154.67 21.45
143.52 197.2
74.66 34.94
183.99 22.21
129.22 176.33
52.43 164.86
91.71 42.09
124.57 31.23
112.06 149.97
44.46 160.96
167.66 92.36
188.69 28.55
148.4 41.57
110.93 26.34
193.38 157.72
77.31 137.26
130.55 183.68
165.31 141.76
194.47 76.23
57.18 85.72
71.54 177.87
46.42 160.83
37.1 50.12
60.72 10.06
99.23 150.32
140.08 16.01
157.67 119.95
127.92 42.45
15.4 139.36
172.41 152.36
160.47 184.31
96.52 147.5
108.14 101.79
122.92 124.48
151.12 82.15
192.85 197.66
150.73 107.07
179.75 185.09
78.5 161.51
94.29 137.64
103.81 175.31
62.95 14.42
57.9 182.02
49.32 59.77
39.48 32.14
