500
101.55 110.18
61.15 186.58
198.91 193.14
157.92 148.7
86.82 108.53
120.67 178.9
28.22 114.86
58.31 40.02
56.83 79.73
193.57 134.04
193.68 179.97
192.23 16.07
144.15 197.35
56.84 168.29
71.41 48.65
31.67 63.25
145.07 129.66
104.22 184.13
189.43 95.97
51.39 15.39
192.41 138.21
167.06 23.85
59.05 77.87
84.68 115.35
153.3 65.79
166.47 13.24
161.05 155.25
79.3 123.37
116.71 41.58
145.47 122.09
173.18 37.08
188.87 136.19
193.66 136.29
68.16 124.83
58.62 94.24
132.23 183.29
138.77 44.91
158.48 173.35
133.79 104.08
21.87 193.22
13.04 23.46
128.32 103.08
166.66 128.09
119.67 139.34
45.05 32.95
153.29 33.13
197.53 54.44
83.21 80.19
69.17 93.68
195.71 174.24
47.42 41.23
117.44 12.16
88.35 54.86
13.47 177.42
93.37 149.65
106.71 191.41
14.69 119.56
149.11 117.82
19.49 99.82
102.23 97.61
120.55 27.71
116.1 31.26
10.43 186.77
76.73 153.41
116.06 54.57
195.92 151.29
115.23 34.67
168.03 198.4
32.53 25.77
85.12 135.84
197.73 48.12
182.59 29.17
140.38 159.27
191.4 167.63
82.9 28.51
75.12 43.5
84.78 13.13
166.76 158.6
179.59 136.94
164.83 39.02
58.48 38.55
181.61 130.65
103.22 59.12
157.54 22.32
26.01 117.33
149.71 185.43
30.18 70.49
83.8 129.61
67.96 10.02
190.39 170.62
123.31 143.4
185.54 186.89
160.62 56.21
34.51 99.89
183.29 11.61
143.45 30.37
168.13 74.99
122.42 126.79
191.05 164.4
141.91 120.63
28.27 148.68
174.41 180.01
114.53 130.13
115.82 191.44
24.17 51.75
191.2 199.38
77.62 64.48
83.47 68.26
14.28 110.81
85.01 113.21
93.75 151.52
73.03 125.49
64.38 157.96
43.92 87.19
189.75 18.67
77.92 165.5
73.79 101.15
162.0 149.1
184.99 122.56
13.92 131.35
167.21 151.25
145.23 154.33
81.4 105.78
52.82 53.18
133.96 149.8
188.36 179.52
49.64 80.57
186.04 76.97
18.21 133.71
147.82 103.12
33.91 97.87
69.45 150.46
169.63 79.9
63.23 74.46
11.23 149.6
129.6 67.35
20.03 116.84
80.32 15.19
135.61 191.16
37.25 67.45
104.32 122.04
126.91 196.21
53.84 49.87
154.02 133.78
74.22 176.83
125.78 116.34
68.57 25.06
100.09 130.5
70.36 23.42
30.61 152.48
143.86 42.04
172.94 167.76
108.77 47.57
70.9 78.63
119.03 169.94
73.91 106.31
32.04 91.87
80.39 174.54
131.42 121.62
51.8 17.26
175.64 94.14
191.0 115.47
43.62 34.42
193.07 58.12
143.77 39.33
80.34 89.89
143.69 85.51
181.26 197.57
51.1 113.29
135.8 161.67
181.99 17.69
21.18 152.71
175.48 20.66
170.46 35.11
23.25 53.19
181.71 75.7
98.21 188.31
33.41 73.19
24.23 26.79
144.87 11.3
98.59 16.48
10.1 32.76
50.86 158.06
196.85 115.77
173.29 136.5
132.63 196.73
160.04 169.02
190.28 47.39
34.09 46.04
146.3 133.14
107.51 138.74
152.97 51.04
122.42 151.31
20.95 37.28
13.43 180.39
195.74 115.08
54.11 99.6
120.32 143.34
81.39 56.43
175.48 18.33
150.13 105.26
80.75 38.79
155.2 183.0
139.3 25.82
15.24 37.22
163.49 47.51
190.89 23.17
152.76 134.77
153.16 74.64
126.38 130.63
87.14 35.14
184.95 33.46
98.2 136.28
124.52 192.65
22.92 37.92
174.88 39.17
130.79 106.5
198.49 42.79
26.06 18.3
186.88 180.32
11.89 117.76
162.51 167.83
137.5 31.18
19.06 31.99
67.25 112.93
43.28 52.39
62.69 175.62
194.66 88.77
34.6 79.28
125.29 130.27
64.52 64.32
109.07 73.05
53.09 76.68
99.42 14.45
41.42 75.81
100.34 15.85
162.02 99.69
77.72 184.32
129.72 117.12
158.54 40.52
15.19 107.04
166.89 179.42
11.3 186.86
62.96 113.27
123.93 190.67
50.38 173.01
54.28 110.92
61.47 24.38
56.64 198.95
48.13 105.02
53.95 43.14
168.61 123.11
12.44 33.75
116.47 10.1
134.5 28.33
105.36 177.05
172.75 191.1
103.73 72.58
41.08 50.1
14.2 138.45
84.3 159.17
20.62 182.95
23.88 108.1
79.89 32.04
27.43 107.84
125.2 37.37
137.12 148.03
133.15 46.88
28.68 169.69
143.02 80.32
153.04 82.62
140.26 84.23
82.72 171.98
76.47 161.09
152.0 156.66
102.67 99.69
197.28 45.42
117.3 199.64
132.77 97.02
32.9 112.85
169.59 71.22
67.42 135.56
159.4 107.01
83.32 12.36
125.52 105.85
29.68 174.79
162.9 173.57
60.32 118.22
112.09 71.8
94.98 24.62
38.61 99.53
77.48 94.09
138.1 39.37
43.15 177.43
172.9 169.19
109.26 115.96
129.59 47.87
181.73 71.67
59.11 50.03
151.0 196.13
63.24 132.17
168.32 165.8
96.5 197.3
113.03 100.43
119.91 139.1
180.32 43.09
36.76 26.39
150.43 172.43
157.01 66.74
43.73 145.5
160.98 17.34
192.45 58.06
27.25 101.19
86.79 199.63
179.71 43.67
132.18 98.49
172.16 101.53
189.87 148.95
29.01 111.03
10.55 195.34
101.33 110.68
14.26 160.42
142.02 148.71
189.56 126.71
12.75 169.34
157.25 37.26
63.67 115.61
106.26 34.75
107.8 189.18
153.6 78.07
145.59 76.99
42.57 65.7
64.53 199.97
27.81 146.21
113.37 183.58
188.78 59.7
140.98 112.4
155.32 48.94
139.98 26.89
45.63 15.74
84.96 188.43
111.22 17.29
195.58 80.32
171.44 32.86
145.96 159.75
92.41 71.4
137.51 145.6
76.02 183.12
71.24 97.89
146.99 130.95
26.38 57.18
64.97 29.36
123.41 185.94
95.99 126.57
18.9 164.65
110.1 156.98
78.23 83.34
22.97 37.03
123.22 114.56
30.88 15.54
115.37 63.52
184.84 48.38
174.98 180.62
76.98 151.03
26.64 72.78
105.77 123.93
92.78 151.83
62.19 23.32
60.41 64.34
157.01 123.76
18.47 144.75
198.95 196.48
93.44 47.78
185.62 100.84
46.82 125.79
97.73 23.78
166.02 75.26
111.33 103.8
97.15 54.4
61.54 79.59
135.89 154.06
92.17 106.34
89.99 105.5
31.52 106.8
17.93 117.09
30.66 101.16
127.88 25.69
176.08 25.27
46.43 10.96
86.83 19.74
103.35 20.7
110.69 72.76
11.47 12.19
182.66 88.68
23.63 89.76
74.83 33.22
119.71 67.08
10.52 186.47
63.71 141.21
136.26 66.89
42.04 64.77
165.41 104.55
15.45 109.38
54.62 114.07
192.24 139.67
161.69 18.75
64.48 122.11
117.8 95.77
107.85 66.25
125.98 120.66
35.7 53.45
21.07 84.82
182.31 49.72
126.2 184.46
155.29 14.63
56.5 189.07
187.24 166.41
68.18 133.57
162.4 130.15
73.1 159.36
52.07 133.73
138.01 39.85
91.75 18.61
48.65 90.82
187.95 12.52
161.79 146.72
93.44 176.17
31.56 14.55
41.67 181.81
27.87 132.08
119.69 189.29
161.81 143.79
113.4 194.8
115.07 52.11
126.04 50.17
169.49 120.27
31.78 179.22
91.95 79.65
102.05 42.77
17.98 45.84
169.95 122.27
77.69 68.64
67.18 176.6
177.04 14.72
142.63 161.51
72.25 21.85
114.48 171.94
187.19 92.11
30.71 179.69
56.13 145.47
118.98 148.83
42.75 138.55
98.05 140.84
66.49 176.71
76.25 169.53
128.61 194.17
18.32 95.99
59.54 188.49
38.53 106.88
75.93 198.46
168.06 11.34
139.14 161.51
94.22 186.07
196.22 80.7
147.16 185.16
153.06 34.45
96.15 128.4
94.2 22.54
17.81 136.92
199.96 21.88
11.26 120.15
32.81 180.29
53.93 30.37
23.34 65.13
184.45 108.67
122.91 74.59
95.53 94.0
166.54 19.66
198.77 69.79
43.26 190.92
108.09 118.18
158.45 148.53
66.1 114.68
108.58 53.17
188.0 133.31
181.21 185.04
100.48 40.28
60.91 27.21
21.98 23.36
180.11 99.46
17.22 60.38
77.85 11.54
137.65 39.97
161.91 85.2
67.72 10.89
128.28 76.71
24.99 127.49
197.23 191.54
80.49 144.41
196.3 140.08
