700
55.5 135.71
110.43 139.65
139.86 96.32
35.15 17.36
46.23 39.24
155.72 90.19
79.4 131.75
68.35 36.39
75.54 26.5
170.97 40.73
86.97 131.3
131.19 125.84
29.53 166.62
125.69 50.02
18.97 60.6
55.68 106.33
195.9 66.27
146.52 150.37
59.96 156.67
17.26 198.34
10.07 153.57
144.16 96.26
78.43 57.68
103.16 62.95
169.75 161.57
126.96 55.67
32.95 126.28
95.58 160.66
35.2 42.41
51.04 143.84
92.46 104.68
188.03 197.35
132.25 157.62
174.61 174.23
108.89 16.82
184.54 14.03
79.51 140.06
74.05 100.16
190.66 190.24
135.58 187.91
107.99 53.86
58.48 36.59
124.62 183.66
115.58 150.91
146.48 80.91
81.5 30.99
157.05 98.59
60.18 176.75
116.2 122.73
44.84 42.89
134.87 114.18
91.57 59.12
126.26 21.46
138.57 75.49
90.84 102.85
44.04 62.54
37.86 168.11
174.55 191.75
20.26 171.73
14.14 104.72
115.43 154.73
69.4 21.2
87.65 175.8
181.35 26.07
96.77 155.81
125.28 11.74
166.51 146.96
41.51 184.87
112.14 16.68
74.79 19.4
28.94 64.76
50.27 19.47
104.01 81.09
25.41 36.79
111.47 15.44
34.44 43.31
153.91 40.34
110.85 131.16
27.36 163.52
57.63 183.91
106.62 10.31
131.71 131.62
185.28 10.95
163.98 29.76
57.14 76.23
172.41 89.54
128.15 151.55
95.43 103.59
125.31 146.06
14.74 179.37
71.16 41.11
111.94 106.96
134.5 152.43
137.52 33.55
160.54 118.71
56.25 170.24
182.92 132.03
137.66 157.38
196.72 36.52
161.41 146.3
141.71 188.79
71.34 168.38
39.93 194.77
102.44 44.9
19.53 186.67
37.5 11.66
192.11 64.38
20.63 199.61
61.52 152.92
47.75 183.69
52.27 126.72
182.41 196.9
165.83 126.49
133.04 153.93
158.35 168.78
16.21 119.73
179.0 151.09
148.03 23.36
52.92 169.64
151.32 96.48
14.54 81.53
30.81 36.77
110.59 153.46
138.88 12.92
54.51 21.19
121.59 64.61
35.08 172.29
31.61 191.34
70.87 72.76
100.84 109.37
126.9 187.32
127.16 189.92
57.05 134.55
111.38 157.24
15.82 21.67
105.74 113.94
182.79 157.7
29.57 150.49
73.08 51.63
76.8 16.39
186.69 177.44
74.49 172.36
99.89 84.98
192.46 167.08
20.37 141.52
83.05 178.47
35.38 101.69
59.69 36.4
114.43 56.5
21.21 176.58
17.46 90.52
42.78 14.42
161.76 44.15
74.02 122.0
166.87 140.84
62.07 40.9
69.03 88.55
167.86 190.96
70.64 169.9
125.2 10.88
14.46 113.21
96.02 60.22
67.28 191.2
93.94 199.54
109.74 154.38
93.2 29.41
50.3 142.96
89.55 179.19
75.85 52.36
53.58 183.92
53.04 198.24
188.57 46.34
56.15 135.03
90.84 142.71
183.09 196.58
59.57 194.34
173.96 49.96
158.42 93.14
30.94 128.7
13.77 176.14
77.36 174.78
198.28 116.07
47.17 144.11
109.85 170.47
132.05 115.5
47.94 119.82
68.62 101.13
26.94 15.28
63.4 134.94
161.67 169.88
149.31 64.09
151.34 82.69
135.15 108.72
91.1 87.83
35.06 128.18
105.27 79.98
65.59 101.61
180.85 137.79
163.16 62.65
49.75 176.08
116.88 117.24
153.94 57.72
141.2 103.45
21.85 96.68
73.03 110.64
71.83 27.71
54.87 141.95
100.95 148.62
120.87 168.87
79.31 114.86
140.13 54.84
179.4 132.36
79.2 103.15
12.02 156.71
40.69 150.3
25.9 87.01
197.53 46.46
83.7 58.2
104.84 124.35
48.25 31.8
193.71 157.62
128.71 114.84
73.42 132.3
71.59 126.71
143.48 172.08
168.18 28.13
65.43 181.88
152.45 87.14
189.91 109.82
189.51 19.56
53.0 37.46
36.13 109.21
122.31 142.94
132.62 42.48
105.16 60.94
26.61 145.37
89.32 35.92
86.72 168.99
21.34 161.4
105.1 154.8
30.87 126.62
130.07 56.38
125.8 144.35
84.35 116.96
194.31 135.24
14.36 51.24
185.29 30.23
71.32 174.25
34.55 156.86
187.92 89.49
10.95 38.24
15.37 128.31
27.23 165.21
128.58 48.13
47.95 137.52
150.1 134.45
105.88 142.07
176.11 81.93
21.88 50.29
108.69 81.87
176.31 79.22
190.34 74.9
37.9 23.04
40.63 95.14
158.67 42.66
105.28 60.36
29.61 183.69
63.96 176.81
106.45 69.9
90.22 78.59
95.91 139.01
168.1 124.86
47.28 156.76
81.81 22.05
30.81 190.25
88.16 136.28
159.14 156.35
138.26 151.8
160.52 44.89
171.46 62.95
147.92 31.5
162.87 184.49
173.25 56.36
62.97 62.86
24.75 136.75
140.76 63.63
19.28 107.65
13.51 102.31
87.2 159.4
124.16 148.44
118.65 99.87
31.01 159.72
26.19 50.46
11.83 145.65
163.78 134.23
124.98 24.89
93.88 145.94
163.85 191.34
21.02 188.58
108.68 14.94
138.48 151.98
26.8 196.03
23.94 178.09
131.74 132.05
57.11 103.53
13.28 190.03
187.72 46.7
170.03 13.36
78.37 170.66
133.98 129.65
64.04 120.19
108.85 40.53
147.23 66.28
73.95 148.35
127.52 144.29
142.4 56.98
158.1 117.82
175.82 127.91
106.6 84.27
36.95 114.44
160.36 135.99
195.45 189.48
178.35 115.65
71.97 18.98
99.28 146.63
180.46 20.57
192.3 95.84
105.66 169.54
84.28 46.33
126.09 43.81
151.02 40.21
71.07 147.87
123.24 162.8
46.04 145.18
101.89 162.44
198.8 105.08
77.34 194.45
192.26 40.92
104.18 142.35
161.08 182.26
198.21 54.02
42.13 40.72
60.88 54.81
25.05 196.7
184.45 86.53
191.02 14.41
30.64 49.09
58.48 173.88
125.14 131.72
176.18 103.51
107.68 183.38
44.97 86.14
45.35 78.26
103.6 123.91
51.83 128.98
140.46 52.65
139.13 89.99
186.31 104.5
177.57 40.28
57.99 162.1
166.29 93.91
47.76 15.51
79.82 140.39
190.19 89.49
146.62 148.03
119.18 167.36
140.68 170.36
136.34 170.35
81.57 180.68
82.98 168.92
88.14 14.24
159.85 60.22
169.5 193.75
178.18 123.52
176.89 63.36
97.92 73.13
48.03 120.37
68.68 91.42
120.85 114.38
136.13 110.65
68.74 102.22
114.23 104.46
192.35 161.51
186.85 175.33
68.7 60.01
178.39 152.65
115.12 68.03
58.62 192.58
72.08 17.19
125.93 105.75
147.59 71.23
104.41 77.37
62.95 58.84
163.98 89.45
50.56 84.14
76.48 13.3
177.74 89.05
26.35 169.52
122.08 49.3
111.45 100.28
103.98 35.48
41.18 24.66
25.8 131.65
189.03 45.26
72.59 99.99
90.69 65.69
65.46 145.57
94.44 187.57
148.07 186.71
192.88 23.52
44.61 44.53
86.46 178.25
152.73 59.42
172.12 109.42
40.5 170.31
123.98 17.14
131.28 143.36
100.11 39.46
162.08 43.07
128.49 45.67
166.97 43.29
40.09 52.43
145.76 141.24
171.21 68.27
76.18 175.85
186.56 168.35
74.97 42.29
105.17 37.27
125.54 108.49
133.26 122.24
158.79 140.43
109.41 16.92
37.21 86.36
111.14 154.26
35.94 35.85
162.07 97.86
87.53 59.31
68.24 108.08
127.9 169.33
128.38 186.74
109.68 119.46
185.74 94.85
178.52 46.07
195.15 104.31
182.38 133.33
114.13 190.09
90.82 55.63
161.18 60.26
10.08 84.36
133.88 142.71
115.76 61.07
170.42 162.42
149.34 54.63
150.44 162.64
168.91 60.7
103.93 98.27
73.23 124.86
196.84 188.35
134.04 179.05
165.98 12.18
154.8 156.84
160.9 21.17
164.19 36.73
195.91 168.34
108.88 115.09
125.91 163.08
64.58 185.24
44.83 59.1
70.85 111.42
51.44 69.96
81.69 185.2
113.51 91.63
105.91 156.91
147.06 191.74
39.21 194.35
16.9 23.47
117.14 171.83
75.23 176.69
40.38 148.56
130.7 60.34
64.68 77.08
172.91 142.09
148.66 182.04
21.7 62.8
60.48 120.32
17.45 190.04
164.85 181.33
96.53 108.2
138.07 91.46
146.17 108.14
82.62 198.09
47.6 84.08
138.16 151.51
76.55 141.57
176.59 84.83
17.55 107.17
115.21 176.14
157.68 56.34
48.39 174.82
36.25 37.55
14.94 128.52
11.75 174.16
198.09 80.83
142.44 41.32
190.11 94.88
149.6 95.92
145.1 103.88
139.09 128.94
120.35 134.82
27.17 14.02
107.76 105.09
24.31 102.17
117.86 53.19
169.44 21.15
121.8 101.96
134.95 179.98
64.15 160.96
36.97 85.45
90.84 159.04
39.34 131.09
99.61 189.34
109.17 70.15
159.67 11.48
119.11 135.25
84.91 152.1
133.65 17.91
81.9 111.11
173.46 190.77
116.3 15.92
139.77 123.69
48.11 92.01
133.65 154.19
76.11 177.63
46.04 192.2
23.59 113.49
174.79 199.38
180.11 66.76
181.6 174.21
92.04 99.59
17.29 64.69
173.64 85.64
53.64 81.38
67.95 91.7
50.99 157.45
135.91 73.74
81.4 151.25
123.91 157.32
36.21 138.29
87.72 117.63
139.29 123.45
75.9 12.07
58.08 61.58
181.18 186.24
93.87 99.89
107.15 180.54
57.25 124.89
178.8 80.13
34.17 29.91
21.85 130.77
149.04 83.41
72.29 35.68
94.93 33.67
94.47 104.31
172.32 192.25
78.02 103.91
72.06 154.35
56.45 22.02
100.43 188.05
158.84 92.68
112.75 37.8
107.43 164.25
96.18 173.41
196.08 144.05
88.7 101.52
60.99 135.26
194.39 95.9
94.68 178.76
168.24 34.09
114.69 69.32
66.94 58.23
143.51 142.8
84.42 196.18
77.99 86.15
86.92 76.02
193.92 179.19
91.27 107.02
51.64 176.27
193.73 155.37
166.41 26.74
116.23 75.9
191.0 158.26
74.48 27.3
88.72 105.35
83.04 67.07
72.19 43.92
91.2 126.89
199.66 139.09
87.46 168.84
93.53 110.0
45.43 15.27
178.44 39.7
58.16 189.66
127.69 108.67
133.56 131.6
165.34 102.27
77.99 40.84
82.94 170.22
149.99 161.76
39.74 119.45
21.42 184.08
65.5 84.21
23.27 59.65
122.25 198.19
116.03 155.23
103.15 132.22
183.48 43.37
175.32 113.49
120.91 135.82
191.94 87.1
21.76 166.05
114.6 148.4
195.65 168.23
44.99 182.53
97.26 97.14
117.77 30.57
47.18 83.71
68.21 170.75
181.26 102.75
28.29 179.04
28.06 119.32
158.62 131.58
57.78 110.98
183.19 158.91
172.31 35.97
98.99 80.07
74.59 83.51
44.23 196.86
132.81 97.47
58.68 153.6
50.15 128.48
28.1 120.31
10.6 141.16
56.09 96.1
105.58 103.45
120.71 175.41
149.18 112.83
74.47 82.82
142.93 119.54
118.76 199.21
131.39 60.29
14.99 115.33
198.48 17.97
49.02 199.09
97.61 54.51
140.71 199.55
103.62 24.07
182.75 104.99
36.11 165.08
150.3 119.25
34.79 122.08
149.79 142.46
187.02 187.94
68.82 52.9
89.69 187.01
76.79 101.22
59.92 83.9
71.58 101.57
72.11 25.56
83.46 177.2
124.9 151.71
103.72 22.33
71.17 63.35
13.34 39.37
109.65 137.92
158.11 51.94
187.35 68.02
62.1 40.8
74.67 199.97
111.07 17.21
145.35 117.99
13.09 136.57
47.72 77.53
33.05 27.62
198.36 189.45
70.18 10.77
46.71 133.19
182.14 28.25
123.71 160.92
153.13 94.06
160.74 157.48
62.61 101.36
161.72 69.99
19.98 136.04
191.19 168.34
82.77 116.24
35.82 71.18
138.89 77.37
135.12 95.88
115.87 122.87
158.8 90.31
