850
121.63 188.1
32.65 139.75
34.43 11.89
192.18 119.25
43.13 105.07
63.31 198.42
153.24 40.82
73.03 175.63
92.03 13.85
141.43 81.89
164.73 97.2
114.62 24.33
43.36 32.5
158.68 108.27
13.86 156.95
58.94 164.73
112.15 73.0
58.34 167.52
122.46 14.16
77.36 124.64
144.73 122.53
119.38 138.33
133.4 142.0
107.14 162.06
10.91 157.96
101.67 35.62
181.77 178.99
189.84 71.1
22.4 182.58
141.11 144.89
30.77 33.55
85.16 74.09
111.49 120.69
44.54 17.42
156.41 183.1
98.88 178.54
121.39 104.32
41.97 88.85
193.12 137.35
58.82 83.87
120.51 90.22
66.94 84.71
120.76 39.06
73.4 183.93
193.36 134.01
194.28 35.55
180.98 52.41
177.16 41.45
18.44 94.04
126.47 109.4
142.56 158.22
129.77 81.07
60.12 85.99
93.04 36.02
177.37 21.03
119.71 46.8
49.9 135.89
46.18 106.33
59.61 29.53
75.67 103.78
154.46 124.59
89.51 57.62
117.92 13.81
134.16 125.19
179.58 113.06
196.77 10.39
62.58 174.88
31.11 103.9
176.21 87.54
65.78 63.23
120.65 177.41
159.23 147.73
149.37 104.69
21.97 70.15
57.65 86.99
39.09 121.45
111.4 122.46
89.43 193.97
178.29 37.49
136.5 121.19
72.85 155.56
111.41 93.64
165.82 146.63
92.42 107.09
69.47 44.36
74.19 184.62
155.26 162.88
48.85 194.9
125.8 87.96
174.07 141.51
62.93 61.73
70.22 27.99
46.04 98.55
198.74 150.49
62.89 198.6
67.17 190.97
35.94 97.25
147.82 15.98
71.22 120.42
136.79 115.76
19.02 170.96
148.09 154.85
51.55 20.24
151.79 81.63
24.65 95.05
41.22 185.35
111.28 165.72
154.82 24.62
57.84 123.06
196.39 125.81
171.87 198.86
198.41 32.74
187.81 126.84
189.57 28.13
110.3 90.3
131.71 35.82
102.96 142.76
90.86 42.71
32.32 148.21
30.11 17.71
30.85 132.42
25.4 129.57
87.1 130.43
147.06 123.71
116.98 76.81
144.64 152.13
145.32 174.72
139.94 70.88
178.95 102.2
55.71 164.56
89.0 78.7
27.28 191.61
191.41 113.23
16.93 35.25
177.25 122.7
97.4 185.54
52.82 32.18
154.26 162.68
54.05 151.6
78.93 81.31
15.3 69.36
10.59 83.32
34.05 71.25
23.21 156.71
90.09 39.23
86.22 150.77
120.18 104.13
50.05 138.98
78.75 47.5
85.15 34.15
10.11 46.24
170.96 114.57
72.06 24.56
184.67 38.09
24.65 18.8
187.01 17.97
187.71 110.33
46.1 158.0
31.94 19.39
70.62 93.16
107.84 160.96
98.66 57.4
106.58 97.84
122.55 179.98
74.16 51.12
76.82 187.18
113.53 150.86
50.94 156.92
114.88 137.22
97.48 126.74
151.64 18.58
159.42 116.02
124.2 56.94
10.67 151.58
94.43 102.15
36.99 142.22
62.77 114.45
73.5 189.8
114.63 68.72
67.15 58.18
38.77 86.43
77.64 36.09
102.04 26.82
135.27 98.92
196.37 138.08
130.73 51.48
77.51 163.16
29.75 192.93
197.41 98.6
171.62 41.76
23.78 148.11
35.51 174.11
171.33 140.8
24.37 150.51
107.64 81.17
128.04 119.01
117.03 33.92
83.91 188.04
106.92 142.1
103.25 22.29
105.26 152.43
53.89 97.62
60.16 119.51
63.91 193.38
16.54 14.66
112.65 199.7
109.28 86.09
143.11 82.08
55.75 189.36
25.6 79.89
84.36 170.6
143.42 17.03
99.87 22.6
72.64 111.23
37.5 109.66
56.82 161.88
79.09 99.92
148.98 92.89
36.29 65.58
70.82 106.97
135.2 57.75
25.1 84.71
131.69 105.84
93.5 150.82
149.46 157.71
167.37 80.8
142.68 16.82
37.1 64.05
161.91 111.99
130.23 68.35
86.31 17.61
190.76 50.76
184.74 140.34
12.48 164.71
68.3 192.31
142.88 199.94
103.14 177.6
171.63 31.64
189.46 99.95
137.11 187.58
140.7 188.9
130.4 154.74
150.03 86.17
73.56 66.23
159.07 12.02
15.68 182.41
70.09 177.82
90.2 16.44
188.7 113.6
80.96 199.3
183.3 98.36
57.32 135.64
133.5 22.34
108.09 185.32
65.0 113.9
109.52 15.68
98.7 106.41
16.35 146.11
19.17 101.15
30.79 134.29
184.92 113.75
137.5 187.44
131.11 13.03
189.82 75.47
139.28 116.02
27.23 195.55
163.71 30.15
113.24 121.9
89.33 10.81
121.96 191.24
32.89 93.21
144.09 185.72
18.76 180.31
110.31 102.65
36.53 58.57
10.32 130.22
24.86 21.17
171.02 56.04
37.6 79.06
41.89 162.36
41.27 156.88
51.62 122.44
130.33 29.36
15.35 75.78
74.39 108.2
115.01 139.44
102.65 117.78
187.52 87.68
30.04 111.99
70.45 54.62
181.1 112.8
120.8 49.5
185.21 168.7
72.3 23.74
179.18 101.22
22.24 169.9
54.1 157.37
25.54 50.79
66.22 196.82
26.33 176.61
18.53 120.73
22.11 138.85
148.38 76.74
78.66 58.3
24.46 180.21
27.67 46.19
27.45 167.88
93.85 35.29
199.89 194.37
59.07 49.95
49.74 12.02
112.19 97.64
192.02 99.94
193.56 135.89
183.69 122.87
77.05 188.11
35.71 91.59
19.37 66.6
150.97 40.01
107.71 89.53
47.58 96.57
195.55 62.48
49.95 179.45
91.29 139.46
198.26 150.63
130.83 34.33
13.51 15.24
149.25 146.4
30.83 92.63
125.06 37.13
30.42 169.82
149.84 16.63
23.73 109.69
29.88 70.28
86.83 199.45
123.71 120.67
109.57 81.76
187.51 50.57
121.49 31.57
162.64 177.18
139.32 47.16
54.11 11.26
28.04 145.84
86.29 96.43
55.55 157.96
35.52 16.35
46.79 36.18
160.93 144.77
53.83 194.45
162.87 155.17
58.92 182.67
49.26 123.44
52.6 54.72
36.55 28.87
61.08 174.69
118.05 157.18
131.21 140.98
20.37 148.55
83.59 199.85
78.24 171.53
31.05 177.58
75.19 170.41
199.25 34.31
98.77 161.57
199.85 78.72
167.84 31.93
22.72 13.17
188.04 43.12
126.1 124.92
96.13 18.15
152.98 27.04
107.48 85.91
163.13 34.4
92.15 198.81
144.21 162.95
88.81 43.42
73.99 146.67
132.95 175.12
179.44 170.12
91.05 43.27
176.76 140.4
107.45 73.52
71.91 43.79
89.04 147.87
158.59 100.69
63.65 196.85
76.68 26.11
63.87 18.73
47.37 128.5
128.18 37.44
175.48 88.72
51.78 197.42
64.28 144.19
49.9 175.82
190.99 198.44
115.72 173.45
185.44 175.42
63.87 95.29
163.15 104.18
19.35 30.04
119.11 30.59
194.62 70.97
196.41 27.53
74.79 54.16
153.43 158.23
122.26 12.27
49.45 183.88
131.04 107.91
147.83 47.53
12.21 183.23
87.99 20.11
120.68 153.97
174.19 83.29
144.15 111.52
112.92 124.81
19.77 107.34
172.15 50.65
62.18 150.29
54.63 47.95
100.05 181.35
110.66 174.26
55.37 30.29
92.43 182.44
183.24 21.71
63.21 58.67
55.95 191.49
12.44 104.04
144.06 67.31
72.86 63.4
158.23 40.59
85.71 159.26
102.24 196.22
106.69 146.13
48.69 87.05
155.91 164.05
169.99 82.6
18.87 56.92
44.28 118.18
194.15 69.46
77.52 74.24
116.24 173.27
76.29 142.17
95.64 68.49
88.72 144.17
23.98 151.6
196.55 52.1
188.37 195.51
57.5 143.09
72.97 11.5
121.29 26.3
73.49 151.49
48.13 32.09
193.04 83.09
42.67 104.54
19.32 65.32
191.18 24.98
105.61 177.33
153.72 56.0
169.43 92.67
21.04 15.45
139.71 143.0
134.83 28.74
157.44 62.89
112.08 85.83
108.5 149.3
124.6 13.87
15.45 75.41
78.96 197.75
123.65 22.38
47.51 195.76
194.1 46.37
49.64 76.77
27.71 187.03
98.27 51.73
129.17 178.64
197.73 108.93
23.02 142.01
80.42 63.56
69.89 78.01
130.22 86.02
107.69 110.22
113.2 173.18
124.9 164.24
127.14 90.32
187.82 12.5
141.27 72.79
112.53 71.55
72.53 112.9
133.96 195.27
81.91 106.29
194.09 81.63
149.6 89.24
73.67 95.0
94.5 31.8
181.68 183.23
21.11 80.62
142.89 89.61
17.69 171.22
147.74 138.89
40.97 99.39
136.72 135.5
14.77 13.5
130.91 124.98
136.55 97.58
10.65 112.28
142.39 38.91
199.49 88.36
30.81 72.96
143.27 145.8
84.36 71.32
140.35 38.1
112.66 30.47
62.42 137.49
151.61 41.82
89.22 148.6
15.28 70.72
137.89 175.67
143.04 78.08
133.42 105.35
35.14 88.31
108.0 40.44
163.81 93.49
151.25 198.22
175.33 189.96
62.01 174.14
14.81 146.45
67.51 95.36
49.61 104.92
181.49 31.33
52.32 162.82
124.08 75.07
189.02 48.23
131.93 10.87
156.82 43.93
130.35 155.12
174.32 73.15
114.88 65.12
142.08 198.87
61.56 41.07
176.81 99.41
83.02 66.19
136.07 164.58
143.65 119.21
194.05 117.05
183.41 59.04
189.67 93.5
42.13 57.07
82.5 121.64
191.67 163.58
76.92 59.17
98.09 122.13
67.24 151.11
155.69 28.28
41.89 166.07
182.58 29.84
183.25 81.71
53.82 128.12
136.55 185.35
143.04 139.65
187.92 33.76
29.0 12.99
112.1 75.5
81.18 69.4
105.57 131.51
13.6 80.83
152.69 101.86
190.12 194.29
91.94 188.77
157.48 47.54
27.43 184.44
148.21 137.09
10.23 77.84
118.15 122.12
125.03 169.52
34.39 190.7
123.65 152.86
111.4 55.22
27.52 23.89
147.33 45.18
122.93 28.92
28.96 130.85
94.98 41.02
40.0 120.08
106.31 20.79
100.75 177.19
13.49 141.22
34.37 82.0
44.72 109.8
174.25 61.15
71.69 12.85
11.73 103.31
74.84 100.71
143.39 90.69
92.55 56.82
29.16 54.27
114.33 173.72
154.55 36.91
161.04 113.35
135.27 60.11
12.15 92.69
197.55 169.24
157.36 52.7
155.29 173.55
151.36 20.54
51.91 93.33
58.13 96.7
142.0 81.97
74.09 146.97
154.72 112.86
42.91 28.09
40.14 118.4
95.62 139.21
98.83 106.23
60.21 12.13
54.96 117.84
195.86 152.6
81.64 65.89
52.4 45.59
22.24 75.45
136.31 174.98
15.25 27.92
194.51 83.92
39.11 187.51
185.86 166.41
197.18 73.89
21.17 132.34
130.79 77.94
151.98 146.94
19.79 111.16
142.91 64.69
141.24 23.22
167.13 182.47
170.75 95.46
116.35 145.14
170.15 189.7
178.87 111.88
137.12 47.22
70.16 170.44
109.71 188.9
53.03 198.6
53.53 153.21
54.43 15.44
100.54 27.95
175.07 165.31
120.43 86.82
173.9 22.34
177.42 110.16
56.29 15.3
182.32 137.56
88.54 40.02
127.65 198.53
101.7 44.41
101.41 106.36
69.28 119.85
117.58 129.12
145.32 40.4
60.14 123.89
159.94 198.86
120.41 157.28
60.9 62.36
175.13 146.61
95.38 140.76
36.93 125.59
59.17 29.0
160.44 22.55
130.42 30.21
49.3 51.23
185.12 92.62
101.6 182.41
178.2 78.9
22.64 185.92
120.08 105.11
146.19 62.07
154.82 42.66
20.59 186.03
93.8 198.23
16.64 15.86
88.15 71.76
46.53 64.39
93.35 173.47
138.16 68.06
51.05 104.02
12.01 49.22
82.3 79.19
172.38 190.17
179.14 48.98
60.62 80.6
65.03 84.11
154.1 27.2
35.77 10.09
192.65 168.94
58.38 116.89
136.45 57.86
145.19 175.42
175.77 190.75
64.42 119.26
34.22 161.01
106.33 102.59
124.82 94.4
91.92 48.06
131.02 52.15
79.91 39.4
12.03 21.98
77.33 172.09
188.21 181.74
19.72 188.26
12.86 187.74
137.63 178.94
149.26 152.37
89.91 83.77
68.66 98.96
29.05 14.73
133.87 102.13
175.17 172.4
77.7 28.61
164.34 150.04
157.71 69.75
27.57 98.02
138.23 163.22
124.14 121.28
61.68 25.86
118.4 22.54
158.96 107.53
128.45 182.33
162.8 184.09
150.37 123.13
87.46 180.28
175.55 57.73
162.44 102.06
159.2 45.96
123.54 83.5
53.64 188.3
27.59 152.05
127.1 93.9
198.86 52.07
192.81 153.02
146.59 66.34
174.45 135.59
151.91 42.56
197.35 175.0
197.81 20.58
103.87 28.72
37.26 67.85
194.54 22.06
69.23 155.78
122.87 45.85
103.95 65.96
119.32 81.38
18.44 49.76
25.11 135.32
189.16 124.36
103.83 124.71
118.75 21.2
157.0 76.78
117.49 142.57
84.41 97.13
124.61 11.59
44.15 125.35
180.46 174.58
32.07 123.19
69.1 76.14
176.29 176.3
123.31 167.04
158.7 189.99
117.55 151.73
117.15 51.94
198.99 53.8
175.01 28.12
90.03 40.75
29.39 124.82
55.96 80.08
35.82 138.34
14.1 27.36
137.56 46.86
181.58 166.73
59.13 106.62
23.78 38.01
33.35 20.01
76.59 94.21
128.01 82.45
18.6 127.58
74.62 49.01
30.75 110.21
53.88 176.56
106.43 128.96
131.33 120.86
196.59 138.31
112.73 139.99
103.01 146.29
107.35 117.15
131.76 130.52
53.02 136.73
141.62 21.92
147.7 60.73
102.48 121.07
115.93 24.68
79.41 124.6
117.44 143.92
112.11 194.49
167.07 122.72
193.24 121.8
195.75 92.58
138.7 69.17
76.67 17.83
103.28 166.58
93.82 130.94
157.92 39.53
12.94 29.13
126.94 113.4
195.02 114.57
158.32 94.11
115.93 81.59
190.1 136.71
83.41 13.89
91.64 84.48
94.27 47.91
140.63 128.42
61.53 186.64
138.33 188.09
111.92 177.57
197.81 133.28
130.95 89.11
96.72 189.94
155.87 135.38
161.59 130.18
80.97 63.92
131.11 50.51
196.03 73.8
60.5 94.49
187.07 108.24
177.85 196.88
56.65 105.33
152.76 121.1
164.62 24.93
42.83 60.79
190.97 42.38
160.35 121.0
162.0 192.46
149.02 83.93
138.0 63.45
48.43 109.47
46.69 13.99
149.19 61.03
161.64 184.14
88.35 45.21
138.3 94.72
31.56 12.47
169.31 195.16
48.86 104.03
122.2 125.54
