400
32.24 168.82
140.5 112.85
144.86 105.34
67.55 59.53
153.23 142.42
107.26 56.52
51.52 152.41
13.02 22.31
84.33 198.3
75.92 198.37
104.47 112.16
42.46 154.03
20.2 119.32
105.35 98.07
12.33 139.71
184.36 73.85
160.56 60.15
13.23 79.63
116.63 178.83
159.66 38.11
55.57 144.53
27.8 121.98
98.65 78.19
35.73 24.5
93.36 104.13
39.18 50.9
110.86 21.65
128.24 33.63
149.81 95.45
79.43 59.78
133.88 134.14
144.34 45.65
148.84 14.78
151.37 73.26
69.4 153.45
121.52 155.47
156.04 194.96
125.95 181.88
127.15 94.73
37.87 38.96
106.4 80.67
35.21 172.82
98.27 109.25
29.13 126.67
23.13 73.45
150.16 99.75
133.48 122.7
30.28 26.81
14.68 51.02
186.48 68.61
166.44 68.49
137.68 158.84
46.56 117.11
181.85 123.18
162.53 188.87
41.5 145.97
95.25 82.49
62.35 104.76
173.51 179.33
181.59 46.49
34.11 77.24
128.94 60.65
185.39 170.16
31.66 183.22
177.45 158.33
136.92 170.36
70.93 145.53
156.53 54.28
17.54 139.98
176.63 38.71
133.32 39.51
119.86 190.61
31.42 73.75
61.38 45.42
10.13 91.02
144.93 177.47
83.65 197.34
69.38 184.17
109.84 179.63
98.34 156.72
18.02 172.63
184.08 186.18
51.1 198.78
100.5 141.8
35.13 13.5
57.35 99.15
121.29 82.34
20.85 130.56
153.16 118.64
186.48 80.95
45.71 32.04
42.23 43.67
174.63 111.09
93.47 51.12
17.11 65.71
160.89 24.04
142.95 136.86
111.65 54.97
94.85 53.05
196.67 157.03
138.74 96.61
18.15 120.28
65.29 63.45
25.49 60.13
193.61 64.62
127.15 132.16
54.01 60.38
17.28 120.07
38.7 184.72
170.13 174.18
24.61 76.69
158.32 51.86
62.51 62.48
13.63 54.56
52.35 164.03
109.18 50.77
18.19 107.89
133.55 155.52
197.52 137.68
123.65 71.92
156.3 51.26
189.48 158.23
97.93 170.91
197.39 71.65
88.76 29.04
171.78 188.75
16.39 113.92
166.8 91.42
41.81 33.77
108.57 58.55
104.98 77.03
15.38 100.84
78.03 99.51
80.1 113.08
129.17 179.24
181.15 71.48
192.07 91.06
164.84 77.18
136.68 169.31
35.51 152.13
143.86 157.29
72.07 171.72
137.84 74.77
130.5 199.04
85.48 51.31
78.49 136.13
185.95 46.53
56.48 126.82
95.05 188.83
11.77 192.22
60.41 103.27
34.49 189.55
28.13 185.56
128.46 15.33
97.29 30.78
17.88 122.05
62.4 67.1
16.59 31.06
40.66 34.22
69.88 16.68
21.81 69.87
13.59 167.25
161.27 35.48
36.74 135.06
16.12 11.12
197.08 23.43
54.58 30.99
47.48 192.98
159.92 37.7
27.69 88.09
166.03 39.32
65.94 139.7
15.84 160.32
92.74 158.22
152.53 87.71
59.89 85.07
69.23 105.3
146.64 109.87
23.96 147.97
11.0 150.09
129.36 104.19
93.36 21.35
53.09 131.2
115.71 56.83
99.77 180.85
175.9 135.3
125.68 87.25
20.76 37.19
122.36 47.15
87.21 197.99
77.09 61.59
185.27 101.19
23.36 196.16
162.54 195.51
40.26 108.12
35.72 112.25
124.75 117.0
132.53 44.03
75.02 180.79
184.5 43.3
191.14 162.36
40.25 102.98
35.97 47.5
54.64 156.74
142.2 16.02
84.65 186.06
136.68 149.94
192.26 31.18
80.79 22.01
108.61 30.81
169.71 39.39
62.37 24.63
99.08 73.43
91.79 150.3
101.52 81.09
192.58 118.02
75.19 63.17
107.19 149.88
20.2 97.43
167.37 51.82
37.72 188.81
110.33 51.15
52.43 44.54
69.71 178.45
108.51 81.95
66.61 65.66
33.29 151.06
50.83 65.0
92.33 34.08
102.33 154.71
68.42 11.75
157.74 33.06
12.4 143.0
164.9 160.66
63.69 130.5
75.31 91.23
134.06 117.33
87.52 152.86
100.86 155.89
154.84 80.53
197.94 128.29
31.93 48.64
87.02 199.84
107.04 154.98
55.11 188.45
53.43 59.17
186.55 140.45
101.51 10.08
136.84 111.39
65.77 114.84
126.93 128.26
186.49 125.39
161.96 59.32
71.74 91.85
173.66 139.63
186.77 31.48
160.91 118.2
197.04 158.08
73.26 30.54
107.71 157.0
148.16 151.4
41.2 41.18
182.08 24.04
111.78 94.31
175.96 166.77
35.73 127.53
135.1 67.42
112.54 186.94
30.19 174.23
32.76 132.79
94.14 97.7
23.04 48.36
162.13 148.6
171.16 74.85
182.38 104.53
33.4 39.65
37.97 185.92
35.73 150.79
165.18 188.78
177.0 137.68
68.94 193.19
97.09 137.42
159.54 149.3
162.21 124.81
47.25 96.72
19.73 97.28
20.29 45.99
49.7 10.52
18.23 145.9
90.53 181.42
72.54 11.99
156.32 115.6
23.96 21.52
49.91 135.03
173.34 194.24
57.27 175.73
24.64 88.14
149.47 159.85
188.16 127.08
103.05 106.74
123.15 172.36
40.98 93.71
144.4 101.34
143.78 196.68
63.26 86.64
183.81 162.92
199.3 149.17
69.24 143.01
180.76 59.13
92.07 122.36
43.45 105.06
106.37 43.69
196.98 64.84
73.22 114.31
114.95 80.34
29.51 172.47
178.75 51.55
170.15 87.0
65.4 163.57
172.53 39.86
52.1 81.9
11.71 176.55
171.14 174.11
72.05 43.51
32.47 130.93
65.18 117.49
163.07 85.41
26.59 190.98
81.43 183.84
199.99 159.48
141.81 163.47
115.71 156.37
127.46 156.51
152.39 10.11
194.25 171.82
25.68 111.29
173.83 130.08
188.13 189.22
98.47 54.01
186.55 62.43
147.36 87.7
68.72 46.93
106.13 140.92
47.24 157.49
48.13 33.42
177.76 194.06
155.46 130.11
161.75 113.98
86.1 142.75
49.6 42.17
88.09 131.97
187.91 194.35
114.1 115.7
154.9 139.61
80.19 128.32
56.15 120.91
27.8 79.48
121.46 118.31
197.4 18.93
141.68 157.11
164.39 19.65
131.43 166.76
152.7 186.16
72.03 87.81
27.38 194.67
190.0 64.09
72.01 175.01
78.28 39.61
39.43 63.15
141.42 123.61
83.72 192.4
62.69 77.07
79.58 86.26
117.29 148.84
47.0 68.67
149.88 177.85
13.26 18.79
64.29 59.47
171.75 22.85
99.25 11.54
79.07 193.79
164.6 101.76
166.62 121.67
145.77 113.54
171.98 98.03
87.76 74.52
91.59 45.13
86.16 111.56
37.81 97.29
19.92 38.2
40.21 75.64
142.22 181.97
107.17 147.61
116.99 78.53
172.4 106.31
198.32 198.15
148.58 175.06
178.73 188.22
108.66 48.88
48.41 134.53
