800
149.48 198.32
187.26 79.55
186.2 18.25
13.97 137.11
180.97 112.01
144.32 148.34
170.17 68.47
48.3 60.94
161.78 85.12
87.46 44.34
194.51 19.24
108.93 140.59
68.34 101.19
187.8 34.27
105.04 186.52
62.39 100.17
48.82 168.48
178.68 46.47
54.45 22.46
102.15 149.87
188.14 116.76
99.03 69.78
46.22 14.04
143.3 39.43
189.98 89.89
198.41 199.67
151.45 45.02
117.22 138.51
21.21 118.13
56.35 100.29
31.3 170.48
12.25 124.73
18.06 89.8
127.86 152.72
14.9 79.34
141.88 165.09
12.24 131.97
191.23 126.2
122.18 83.48
166.38 178.66
168.14 117.46
29.03 72.9
31.63 87.63
11.18 29.24
66.23 63.94
47.28 19.43
102.08 132.13
139.65 23.15
122.54 161.69
173.95 67.86
146.72 154.25
175.55 124.66
112.64 187.59
62.01 43.51
80.87 78.31
60.48 168.16
199.06 172.62
91.41 49.49
11.54 88.04
170.29 138.88
53.56 54.18
130.8 77.98
112.99 56.22
155.13 73.17
166.0 166.77
143.02 176.89
84.84 19.72
66.35 32.45
103.07 146.25
85.24 175.77
64.36 178.32
142.35 90.36
194.67 29.01
179.96 41.19
30.2 103.95
16.87 28.08
102.99 30.86
33.53 96.1
137.5 59.26
103.34 108.71
30.04 147.92
96.62 139.58
91.99 37.96
195.43 145.24
145.14 135.84
128.49 81.51
81.89 80.91
72.74 173.96
92.6 55.74
179.86 41.04
60.07 91.24
131.86 126.48
67.06 193.24
184.68 13.07
50.49 54.19
134.39 158.31
178.88 149.13
48.94 53.33
121.07 89.6
63.54 80.5
159.64 169.34
74.26 43.73
43.1 163.7
103.55 59.04
45.46 48.49
90.34 98.41
45.01 177.92
169.5 88.67
157.93 94.86
57.91 102.59
189.67 12.04
115.8 158.62
76.27 70.99
190.77 118.85
32.99 132.01
33.39 72.14
115.23 20.31
56.5 124.64
112.71 193.78
171.21 66.27
90.31 124.24
93.53 125.76
70.24 128.72
92.11 102.6
143.5 117.09
155.33 153.04
128.78 35.62
40.95 198.02
95.03 184.07
134.46 58.67
35.24 116.7
83.78 161.31
30.24 16.61
167.63 82.98
183.99 163.41
125.18 165.52
179.12 22.4
167.87 99.73
161.27 170.13
19.25 45.33
82.06 50.43
50.91 184.56
121.72 42.72
168.13 175.23
133.88 95.97
163.09 155.35
133.87 142.03
36.59 82.5
118.93 81.14
113.13 98.86
179.47 59.04
143.82 97.33
144.29 40.47
197.28 125.77
15.46 18.69
15.31 199.84
123.04 105.16
135.84 21.42
42.68 167.21
91.29 52.78
156.24 25.62
90.0 65.06
20.93 135.26
119.08 140.39
21.29 110.94
90.8 79.97
57.4 196.76
40.9 74.59
164.07 159.84
158.0 137.95
19.05 32.21
154.74 78.78
57.04 157.82
68.28 57.13
98.91 134.77
68.5 14.78
111.45 23.1
155.06 79.88
170.51 193.88
107.84 115.02
91.58 76.18
95.94 111.05
149.67 102.64
167.65 71.61
114.93 175.63
81.57 109.73
28.57 51.91
145.49 190.57
21.83 179.73
140.7 182.72
176.72 19.73
82.57 25.32
151.98 15.65
198.54 50.44
96.14 139.12
35.6 184.74
115.63 51.85
37.45 91.8
184.73 66.62
43.57 16.63
88.59 138.08
101.61 76.78
84.21 57.38
43.61 95.11
180.97 121.37
27.62 199.46
141.71 128.78
162.72 147.39
84.9 121.51
72.12 119.76
128.23 173.35
106.85 60.54
147.92 44.19
110.25 102.73
144.02 100.97
189.28 72.94
149.42 121.69
78.08 48.68
104.03 123.34
172.32 55.83
198.91 132.15
145.13 147.05
147.88 25.06
133.43 48.85
96.34 55.61
49.79 144.32
101.38 41.11
185.89 56.21
110.73 121.04
17.1 178.95
28.41 76.48
122.31 134.89
188.75 101.98
77.11 167.6
191.09 118.67
58.9 199.13
31.68 100.65
176.38 113.79
104.58 87.72
57.36 44.16
95.27 35.4
79.79 124.55
31.23 49.69
34.02 85.99
122.11 70.39
154.06 46.53
106.35 42.44
116.42 96.43
17.06 167.19
111.16 188.32
156.67 151.96
12.32 112.92
40.46 179.76
198.7 47.0
26.35 74.98
55.55 155.07
36.13 141.05
15.52 166.86
55.19 164.03
14.6 89.15
99.82 18.11
165.01 145.48
59.05 157.85
142.81 124.35
73.21 100.86
22.19 24.89
97.37 172.38
180.62 122.36
157.64 35.56
85.98 95.32
191.09 132.34
156.23 185.91
47.6 35.95
36.42 61.41
105.73 166.74
91.02 114.38
169.52 194.92
190.66 100.13
193.0 60.69
15.03 10.55
147.91 77.07
67.83 138.24
145.13 36.7
166.8 142.12
187.75 19.59
89.69 52.22
170.61 53.79
48.62 168.19
156.29 39.01
35.85 83.1
80.05 170.14
85.71 50.52
38.94 118.22
194.58 83.22
141.19 139.35
71.84 84.68
177.08 103.19
171.63 28.97
54.69 126.53
54.53 131.64
90.12 17.23
160.37 94.72
159.83 87.01
80.89 198.68
93.13 51.98
192.71 45.61
115.31 50.44
117.49 34.98
121.9 101.29
146.2 23.03
163.28 59.26
78.02 39.55
66.47 91.21
79.58 78.65
77.26 130.41
86.15 82.93
30.5 51.93
82.43 191.61
161.46 11.6
185.94 194.72
168.33 50.2
20.6 197.5
158.66 61.95
132.44 104.67
23.32 196.1
18.6 143.33
174.99 83.85
139.93 99.24
178.77 143.77
52.72 146.36
65.8 122.5
75.04 168.06
160.1 24.74
112.23 140.91
10.99 77.77
67.88 132.22
38.83 128.42
87.9 132.04
166.46 14.88
144.73 71.32
119.36 165.29
141.29 35.95
186.1 196.67
198.94 42.66
189.13 48.28
180.95 135.93
86.53 153.35
13.58 47.47
59.25 161.26
131.93 15.99
142.49 35.37
170.18 132.9
32.33 175.0
16.7 161.73
107.73 197.53
59.94 176.84
110.16 37.84
20.84 14.34
68.59 194.71
131.9 56.23
18.05 137.04
144.11 113.05
197.92 183.59
171.88 104.92
53.14 106.07
164.25 20.77
197.41 90.91
197.59 149.29
107.97 169.46
109.95 94.32
178.97 99.17
171.52 84.25
50.57 105.49
186.68 45.89
32.44 157.85
19.17 132.36
53.36 17.77
165.19 68.17
52.71 137.43
194.0 168.02
163.42 124.34
168.56 63.77
25.18 143.41
97.8 86.02
63.21 94.61
41.87 50.48
132.5 164.11
113.25 72.2
170.21 48.95
170.04 105.36
28.76 34.85
174.39 183.32
130.78 36.71
193.97 114.74
162.44 166.98
130.27 187.9
33.45 96.3
13.97 115.75
56.59 42.45
122.21 36.17
101.77 91.73
106.17 109.5
27.18 133.89
46.62 145.5
170.72 68.93
112.26 35.34
97.77 191.36
49.71 185.72
179.35 38.95
140.05 146.44
65.07 127.12
112.92 190.3
20.06 76.95
136.29 77.82
37.76 126.17
26.44 152.79
191.46 171.88
31.54 35.85
178.16 121.07
184.26 102.96
17.1 148.52
123.19 94.38
52.37 39.07
46.76 109.54
149.04 40.04
183.73 86.46
142.98 32.3
171.29 83.61
72.87 105.79
78.74 39.36
149.53 114.41
147.53 137.47
151.17 79.74
85.77 109.06
185.86 26.06
126.8 133.22
87.4 26.28
52.51 17.28
46.61 163.46
109.34 191.86
41.9 129.77
97.95 83.19
51.35 147.76
151.97 60.17
43.6 185.58
136.97 44.98
85.85 74.69
88.16 192.76
84.97 84.22
37.34 40.38
150.02 92.56
82.26 132.96
121.35 66.41
92.23 183.8
163.32 160.72
56.48 45.32
190.83 124.56
156.55 157.55
106.86 28.73
107.82 149.16
94.98 157.97
90.39 104.88
173.29 28.83
43.26 52.06
197.81 188.61
197.68 27.09
139.58 172.64
134.03 87.61
147.25 167.23
104.62 126.69
51.93 166.0
164.09 192.95
50.75 127.64
149.27 67.59
188.89 111.04
55.37 42.55
145.81 176.99
159.11 109.16
199.51 156.82
128.13 132.82
137.4 142.93
25.15 47.79
79.97 94.1
142.82 165.74
142.25 193.15
64.1 168.91
117.49 59.05
17.92 174.39
54.63 174.28
139.17 106.56
118.61 132.81
100.85 25.33
195.81 105.61
62.99 168.72
180.71 110.39
192.62 60.15
164.05 44.98
75.84 112.46
29.29 72.67
130.05 156.22
126.13 92.14
80.55 35.45
86.68 78.51
48.77 85.18
146.26 86.61
15.89 159.54
155.79 147.88
30.88 25.0
41.83 59.71
192.47 57.32
158.26 184.41
174.75 185.89
57.26 167.75
92.54 29.74
172.24 48.61
173.27 88.43
58.63 141.63
39.43 69.24
128.64 117.13
62.84 148.93
107.12 156.05
85.77 150.26
38.58 74.58
108.05 159.04
128.17 153.79
79.79 147.36
124.69 23.45
19.03 40.92
148.34 143.53
62.77 27.72
28.55 24.53
147.46 131.76
157.4 48.79
42.25 32.84
91.12 97.25
71.54 190.6
81.2 107.68
74.79 174.12
142.53 77.93
77.46 97.21
67.27 133.78
121.03 41.58
173.19 89.48
190.6 13.25
185.61 19.21
132.64 91.47
155.57 148.34
30.75 159.14
129.76 168.14
38.48 124.39
157.42 157.63
141.14 64.88
55.51 108.06
147.93 67.21
104.11 43.6
150.63 10.35
38.79 59.63
35.65 155.89
47.46 23.0
87.11 181.22
96.69 30.09
199.28 48.89
34.73 190.42
147.7 171.87
148.9 28.92
86.05 120.13
172.1 30.1
20.69 134.87
166.04 143.4
61.81 153.04
104.05 116.79
151.88 43.97
36.75 45.63
10.94 38.21
48.21 186.47
159.45 20.98
57.12 147.61
119.82 107.07
119.01 181.46
33.37 84.08
162.21 70.71
109.61 11.95
74.98 56.44
49.2 16.12
83.86 89.44
64.69 18.34
82.02 147.09
137.92 155.33
34.05 20.17
132.72 93.02
98.03 92.77
58.77 98.11
196.03 167.76
92.26 145.93
179.32 59.54
124.04 174.46
118.18 187.72
188.7 56.11
86.72 50.94
30.35 18.54
195.17 190.49
166.47 183.43
93.01 94.15
180.07 112.59
95.98 168.94
121.6 18.73
141.59 153.19
130.09 141.63
23.04 186.06
44.17 42.71
90.08 95.69
81.82 168.79
171.1 93.92
118.05 169.12
82.4 95.15
45.54 129.98
105.49 102.38
159.86 11.55
81.75 177.13
177.15 88.0
161.31 106.15
76.0 17.64
121.47 157.76
151.37 21.11
24.62 135.67
76.15 14.9
142.35 138.6
53.79 168.94
47.26 92.12
108.65 128.28
38.55 156.74
63.03 40.15
20.36 153.59
121.46 181.22
166.97 194.24
124.96 31.21
68.67 19.21
112.02 53.0
127.54 181.28
113.37 41.89
169.82 172.26
77.59 31.06
24.21 178.56
171.59 110.5
49.29 152.1
23.82 30.13
112.67 123.7
18.22 56.35
60.88 137.22
157.64 48.68
193.65 45.49
55.59 49.67
124.87 138.92
64.03 21.68
85.42 71.81
66.93 56.14
91.85 36.83
127.31 47.71
140.3 146.58
160.82 163.42
73.98 14.07
88.47 82.18
141.58 92.38
54.76 86.92
142.52 93.83
115.54 77.99
23.95 52.85
17.35 54.2
115.64 116.59
21.27 121.83
37.84 150.66
103.11 125.27
149.18 73.6
159.38 81.0
182.77 167.48
56.53 144.53
58.95 168.08
84.41 150.34
132.82 14.2
77.39 182.08
123.92 188.93
13.27 182.92
44.38 79.93
166.83 127.67
128.6 17.77
52.83 81.23
60.23 57.11
57.68 34.33
141.33 36.36
147.71 37.16
159.99 149.52
47.89 172.62
99.58 53.32
34.61 175.22
187.76 124.73
168.17 22.36
173.13 53.13
149.99 71.78
140.17 162.02
131.91 198.58
70.3 160.94
27.2 85.89
91.28 165.94
159.85 114.07
183.08 115.82
114.2 21.73
50.7 129.46
135.35 192.97
34.66 56.34
161.38 82.55
182.5 24.41
188.33 132.01
134.48 123.38
158.48 76.12
198.45 47.21
136.7 83.24
144.9 83.13
67.52 148.21
115.41 199.42
87.54 158.4
94.87 28.56
99.01 113.17
59.93 31.01
107.12 126.56
129.39 71.66
45.7 124.28
90.2 170.31
190.08 92.6
20.86 191.63
127.38 42.96
192.04 37.77
87.99 22.0
15.07 115.79
39.7 64.76
39.21 85.93
179.4 187.27
43.37 141.45
101.97 43.95
18.13 126.97
18.25 68.49
121.78 179.03
14.27 42.54
38.53 69.84
32.94 137.47
50.97 126.05
14.18 161.9
45.35 86.26
52.29 67.37
158.59 149.33
12.7 154.39
111.14 195.62
59.79 186.75
93.92 86.63
147.44 121.36
98.95 88.99
14.52 117.95
154.03 117.42
57.68 44.41
97.96 180.36
99.95 197.41
16.79 23.36
175.07 131.98
195.33 172.11
77.35 72.16
67.35 67.88
168.3 99.72
184.37 85.44
100.49 147.58
125.86 97.59
117.4 110.8
56.47 142.9
140.94 110.39
36.69 65.76
10.45 99.66
96.99 168.43
34.11 70.73
56.24 156.79
55.72 72.58
135.72 101.12
177.36 28.01
49.17 46.49
117.6 147.51
103.31 176.69
107.2 25.01
198.71 58.22
71.59 95.29
76.38 116.12
123.71 17.75
64.71 71.66
73.77 34.78
185.08 136.54
140.56 68.97
100.56 164.04
166.8 60.7
182.27 12.86
169.03 123.28
44.18 115.64
37.44 77.1
176.65 70.25
106.51 186.58
