200
165.95 143.49
33.94 107.98
129.68 43.76
93.6 28.86
146.78 180.85
121.96 182.32
19.08 75.04
10.1 50.45
133.94 196.12
12.61 33.06
73.34 197.98
45.66 20.12
195.78 132.13
132.05 145.63
75.63 168.59
87.82 165.33
25.92 53.25
155.28 59.64
104.47 112.35
184.72 72.47
184.56 117.85
120.63 146.78
35.64 32.23
158.98 31.18
129.49 63.5
38.08 39.49
39.16 156.85
162.64 185.93
137.03 72.04
73.94 51.35
77.62 137.09
182.07 82.72
128.14 152.8
140.58 98.59
191.89 197.09
51.33 50.8
14.25 57.53
38.89 55.88
174.03 119.0
17.37 81.82
195.78 82.14
29.86 102.38
118.25 111.09
129.31 190.1
99.13 179.51
101.17 75.04
185.33 134.25
162.8 87.01
118.85 74.01
194.34 51.02
165.18 73.6
127.7 34.77
79.17 143.76
47.05 131.1
58.31 166.15
138.79 41.43
157.17 65.0
32.27 77.97
80.78 91.32
96.8 127.54
196.5 94.7
142.05 91.08
20.18 12.6
63.78 68.24
104.14 34.77
84.75 37.0
154.37 11.12
125.23 185.03
139.85 115.89
147.18 100.71
99.63 126.59
38.3 196.93
171.4 166.94
193.89 189.32
181.58 142.83
71.47 74.21
173.9 153.7
77.21 188.99
107.11 143.68
86.28 195.49
121.08 173.0
52.32 120.74
170.37 120.7
166.85 133.01
157.46 83.3
142.38 197.48
22.72 113.28
188.57 69.09
50.18 103.65
93.8 167.27
120.78 111.72
102.43 191.96
158.68 80.06
154.22 184.58
79.56 175.24
83.86 71.25
99.1 180.57
97.16 79.84
148.43 86.01
53.0 76.48
92.84 94.91
199.06 151.75
192.98 76.68
95.79 127.95
143.66 65.13
21.85 129.06
148.12 73.85
185.49 119.84
101.8 89.66
84.63 181.29
40.31 187.84
35.18 89.98
66.38 165.13
110.04 147.63
162.02 13.76
105.23 32.54
120.56 176.89
36.92 125.3
47.59 10.08
103.51 107.72
159.36 82.69
166.08 194.98
178.68 64.31
150.88 116.74
103.99 120.81
156.53 179.0
176.08 15.92
98.53 164.16
20.63 47.3
114.34 122.08
117.59 179.06
185.76 113.78
124.42 92.83
11.8 143.58
80.42 59.46
118.31 196.15
120.93 150.29
56.99 162.91
190.74 18.62
179.8 182.53
125.96 92.28
27.0 166.22
67.99 83.72
140.58 56.66
48.05 189.6
83.34 88.42
20.2 130.21
154.15 74.82
43.23 63.99
185.43 169.9
129.95 127.82
21.52 186.35
181.67 189.07
166.22 27.11
179.5 131.83
193.0 92.16
110.96 77.6
95.66 14.27
64.64 141.94
85.5 101.06
174.5 87.95
108.0 64.16
98.06 24.35
114.16 152.51
44.94 158.0
144.84 91.95
188.56 137.61
41.57 122.49
131.8 170.13
111.13 68.96
149.94 188.07
131.09 150.53
191.57 63.81
109.13 80.82
73.34 107.94
127.77 64.24
100.62 126.36
156.33 71.81
138.91 163.49
180.19 33.43
36.5 77.29
114.5 46.82
102.44 42.74
181.02 175.06
114.81 122.23
53.38 159.48
107.45 143.31
64.01 38.75
24.54 193.6
136.88 58.41
179.1 153.91
110.26 187.16
123.36 61.33
84.89 41.21
182.67 74.83
198.79 83.79
82.47 58.38
112.07 139.57
181.0 29.73
187.37 67.51
