450
129.12 172.92
55.66 159.45
38.19 44.78
150.49 115.06
107.77 151.47
151.6 124.73
136.24 174.63
35.78 175.68
37.38 149.02
110.53 145.75
122.97 61.29
49.7 148.23
69.57 74.17
173.81 70.71
68.08 107.02
144.33 93.8
51.27 190.26
166.2 29.96
78.04 152.6
86.46 61.91
70.94 132.05
133.89 105.89
69.78 57.52
184.17 76.97
122.16 91.61
110.24 58.81
123.13 188.88
58.06 98.23
19.71 158.68
193.35 134.68
23.21 26.37
143.87 180.91
49.05 19.31
21.82 22.23
192.56 161.21
22.01 152.54
77.11 24.07
176.42 22.62
170.59 176.93
95.09 37.37
11.45 195.48
131.69 63.22
73.22 103.62
93.5 124.74
198.38 178.71
183.07 177.45
62.11 138.98
105.07 152.1
174.85 42.2
144.62 125.9
178.62 17.88
43.02 148.06
132.35 65.87
162.24 17.67
47.59 53.67
121.19 169.58
191.97 183.19
146.68 182.1
122.14 76.86
122.4 76.17
39.78 50.86
114.47 112.93
159.6 30.89
41.8 22.21
120.23 81.24
72.31 83.81
91.09 122.02
31.07 27.55
192.49 45.36
139.54 59.04
130.37 152.61
55.72 62.31
57.37 196.46
177.26 150.86
70.55 141.62
20.57 50.09
180.25 35.0
32.42 63.08
123.95 67.93
145.14 86.25
187.55 59.77
30.47 59.46
149.12 177.29
49.01 199.53
88.62 155.12
94.2 93.13
148.23 103.78
189.6 99.57
95.64 40.24
88.81 171.11
51.62 38.15
81.48 58.78
47.11 13.11
54.42 12.46
124.94 42.42
73.78 127.78
103.0 60.37
49.69 59.05
29.05 194.11
106.0 114.32
169.29 193.53
117.94 130.01
39.15 111.52
47.82 109.53
14.61 81.88
125.38 25.68
12.91 108.08
174.8 19.47
56.55 95.22
151.03 82.48
30.37 93.56
99.66 77.64
55.74 118.28
20.17 33.16
87.64 22.21
84.27 16.1
46.71 190.95
198.3 128.9
146.85 50.09
123.06 130.12
27.92 28.36
115.71 25.26
94.49 89.32
53.73 111.83
171.18 36.09
147.47 141.68
126.46 95.2
176.71 165.86
33.56 56.54
185.01 128.66
75.73 74.38
135.99 43.56
155.51 81.44
14.74 199.58
163.85 37.55
38.23 39.42
175.12 85.45
141.92 57.86
142.55 119.07
47.86 96.93
66.49 161.8
19.71 63.66
80.64 126.25
96.83 175.55
144.27 19.66
74.82 77.65
102.08 25.81
87.47 15.68
13.39 23.14
126.95 92.62
150.69 101.33
25.96 181.73
178.81 37.65
44.69 105.06
50.98 42.19
180.56 126.37
129.06 17.85
24.14 27.66
85.28 174.58
49.28 179.13
133.71 131.29
64.83 14.48
162.63 82.85
29.41 51.14
29.61 20.19
170.14 198.94
181.19 130.11
77.78 157.15
18.55 184.23
51.03 21.57
67.96 14.17
42.84 13.53
75.82 115.91
115.51 193.05
165.65 123.29
115.62 37.68
175.21 11.91
29.9 24.6
16.14 71.22
168.21 28.42
75.45 90.92
93.45 79.57
167.96 189.33
165.1 110.98
181.13 40.17
22.94 72.8
111.5 124.98
187.91 45.37
189.34 90.88
37.78 18.75
95.89 190.89
10.42 112.54
174.0 114.73
114.44 87.9
84.67 179.38
97.97 191.08
87.32 176.46
63.33 138.87
63.57 183.11
14.87 72.63
141.88 35.9
196.2 18.4
11.09 50.24
99.46 49.52
132.64 193.96
154.01 51.65
173.08 87.27
16.04 96.66
180.6 25.91
194.94 85.88
50.98 59.02
74.63 49.52
40.33 39.31
89.02 121.85
109.79 94.46
16.6 24.72
159.84 188.57
166.46 182.06
70.75 47.61
64.57 82.43
55.11 151.9
105.78 118.74
147.32 113.8
173.77 91.8
108.37 164.77
191.02 187.95
155.76 28.33
89.59 50.84
36.52 194.4
21.35 155.69
107.97 160.53
93.62 188.82
111.0 12.72
28.11 75.39
184.94 15.8
84.91 75.41
158.73 122.43
149.42 189.06
143.57 126.69
174.91 153.74
126.43 199.98
52.99 132.4
125.21 65.18
196.13 38.17
64.0 50.94
196.07 84.98
147.38 68.14
189.56 95.11
136.87 23.76
74.7 97.25
188.2 116.47
19.06 71.22
196.47 84.12
36.39 44.67
46.56 93.5
14.05 193.75
84.23 159.51
182.34 190.11
142.95 141.28
98.81 14.16
80.27 91.37
106.24 48.73
144.52 180.86
12.87 135.92
188.71 189.3
31.66 103.43
53.68 175.61
36.87 191.93
185.24 73.83
48.54 34.74
30.48 182.1
68.31 154.65
40.7 64.48
18.31 141.37
51.94 198.43
71.04 116.99
136.08 27.78
125.03 183.15
184.06 92.9
13.73 39.7
141.01 108.18
185.21 11.12
177.09 119.82
128.34 34.56
155.97 71.09
62.85 30.0
116.59 156.63
185.27 163.14
29.62 76.34
64.24 82.84
164.89 154.69
32.76 194.34
24.26 123.34
30.56 83.26
89.88 62.0
164.47 190.41
70.01 121.96
17.31 63.85
162.1 37.72
20.99 194.77
167.61 30.78
78.06 154.56
73.01 140.52
127.35 143.05
38.86 42.76
79.6 38.74
84.04 119.34
137.12 175.1
121.1 141.94
167.78 147.04
62.51 144.92
172.25 163.7
58.08 92.33
17.95 48.32
188.74 62.62
46.67 48.3
77.25 195.17
49.75 16.12
24.0 39.68
111.65 40.37
131.68 11.46
190.97 192.45
86.99 91.86
31.04 76.83
18.15 101.85
151.34 177.67
12.95 83.48
117.25 144.06
23.15 99.04
150.0 30.06
80.27 81.9
140.89 39.8
187.23 158.29
39.39 91.58
105.66 145.98
39.35 47.81
70.02 18.11
87.9 135.39
57.16 122.89
180.08 37.49
156.88 51.68
55.86 138.33
136.89 139.12
19.1 165.02
168.59 196.47
111.03 95.96
92.29 125.55
35.81 181.09
39.12 25.93
81.6 92.6
129.43 102.16
184.45 149.46
41.12 37.92
99.5 130.59
57.16 171.24
44.69 140.28
18.74 92.35
10.12 173.23
69.1 183.92
179.36 96.1
41.84 165.18
162.67 96.15
97.24 131.15
110.19 164.98
172.82 192.7
22.98 11.02
63.67 140.05
196.72 109.25
26.94 156.6
163.9 74.77
177.74 73.66
172.43 64.12
190.78 154.27
194.75 105.89
41.64 15.45
187.46 37.38
18.74 17.71
193.25 65.7
140.54 38.56
62.59 92.67
133.68 124.44
85.95 150.47
125.87 175.89
28.58 161.51
109.61 172.56
118.15 114.17
21.76 122.87
134.28 111.2
68.15 64.22
144.8 151.11
16.14 25.64
109.37 82.85
66.68 105.29
95.53 35.47
137.48 161.15
123.6 95.41
160.49 116.62
174.64 25.66
62.0 87.71
89.79 130.31
163.66 149.06
110.32 197.17
176.44 59.91
50.39 16.67
191.53 184.38
95.57 160.79
88.51 172.7
131.79 196.44
156.18 35.49
196.21 132.46
91.71 89.37
198.8 112.99
102.39 185.26
147.95 40.86
32.37 80.35
157.81 66.31
103.44 104.31
179.5 193.04
194.75 118.23
19.69 179.2
26.16 86.0
95.8 102.45
25.94 17.42
37.7 127.56
100.82 54.21
65.94 151.15
141.26 77.91
82.03 92.34
61.75 148.7
125.92 25.46
73.46 150.35
91.36 76.52
170.71 23.95
32.1 101.07
73.39 115.46
66.7 166.59
13.36 108.02
87.45 47.32
10.04 99.81
104.04 36.7
187.1 80.0
191.69 17.27
58.67 88.64
11.15 187.05
42.35 181.77
14.67 65.98
104.27 98.17
76.32 137.26
195.71 139.82
102.91 18.04
