150
122.87 169.53
170.35 163.26
53.58 199.66
84.09 54.99
137.61 23.8
186.2 127.64
88.62 144.24
135.1 184.55
63.62 12.91
141.12 89.35
156.43 99.25
190.57 47.9
76.52 158.59
110.4 99.41
64.81 127.32
66.43 152.92
92.21 84.09
108.28 17.54
125.02 181.01
21.07 166.13
109.2 66.87
45.25 110.57
175.41 134.29
96.75 89.7
174.02 13.9
33.47 44.18
129.35 114.69
53.47 20.28
134.74 27.65
83.49 113.46
22.69 113.01
193.02 35.61
158.38 71.88
47.13 48.3
105.24 25.4
178.51 113.14
13.87 86.8
93.76 34.34
40.46 20.44
123.01 56.85
149.55 125.51
109.37 110.44
118.38 108.27
11.97 183.58
14.39 194.19
198.97 133.03
189.63 67.77
48.04 125.2
134.16 141.65
122.68 130.46
193.63 78.44
25.41 143.93
68.8 94.87
62.82 102.65
53.03 75.43
33.83 46.9
14.03 21.75
177.74 192.51
183.57 114.88
165.34 18.81
18.87 186.61
46.28 137.96
185.0 158.65
28.82 167.88
91.3 98.14
181.14 96.58
141.47 147.06
122.58 150.45
189.52 61.85
26.62 48.62
148.38 100.74
182.72 49.98
49.09 48.38
85.43 152.66
76.81 31.24
187.15 150.83
120.42 162.97
59.87 173.39
186.26 53.25
80.89 38.16
58.35 93.93
38.1 112.52
179.95 128.78
82.52 14.23
30.06 101.0
192.88 12.62
129.45 69.26
56.98 37.5
168.21 56.2
145.16 58.89
134.65 85.76
190.18 21.6
42.52 134.42
40.86 176.01
181.93 127.02
22.95 61.14
162.08 184.94
166.32 144.62
141.93 154.16
147.21 187.02
178.22 109.13
63.56 24.9
145.15 90.24
11.2 146.99
171.77 187.54
18.64 94.73
87.17 154.73
44.53 41.04
178.22 104.55
182.63 184.15
22.95 59.49
74.07 71.99
114.28 49.07
145.53 176.01
129.97 47.4
130.59 102.22
177.58 28.07
177.93 184.26
125.34 86.24
174.44 128.88
166.42 197.89
110.77 167.7
161.28 154.81
149.58 163.21
87.94 105.72
13.05 49.41
118.68 184.95
21.15 102.61
136.83 150.05
55.21 58.88
72.19 150.86
129.81 158.88
41.8 114.97
37.73 183.97
120.33 19.64
174.91 62.48
104.57 12.05
100.14 196.25
145.68 139.22
67.78 180.68
102.74 130.99
149.69 93.64
15.6 82.94
178.68 17.9
172.37 195.19
42.96 131.29
94.46 53.2
85.51 169.23
168.5 198.89
65.92 163.07
