550
64.24 118.47
23.02 175.94
145.52 59.22
115.97 45.1
109.39 148.69
49.86 122.14
150.63 148.49
107.13 148.44
107.18 73.0
108.59 143.73
121.04 132.66
84.04 146.58
156.11 51.76
69.18 33.92
146.92 20.44
195.03 55.7
78.7 61.87
182.75 187.68
38.19 187.56
14.17 95.88
102.94 18.32
136.42 199.5
185.29 160.96
65.69 50.99
94.49 147.98
36.05 115.11
64.02 127.6
143.88 76.61
34.99 44.53
114.77 80.17
103.92 178.22
151.61 17.6
87.26 151.86
132.88 63.22
119.86 85.8
70.03 163.64
110.87 42.31
163.32 160.54
56.21 177.56
87.8 82.18
75.54 175.54
139.18 97.84
48.18 36.62
166.22 164.39
187.05 178.89
195.85 99.56
148.44 16.8
83.1 90.98
138.54 188.51
77.51 97.86
28.31 114.93
64.43 22.97
35.22 24.27
71.53 73.48
81.65 77.34
72.54 169.73
94.31 89.6
162.24 37.08
11.89 176.99
12.47 58.32
152.37 26.05
156.96 173.77
112.91 49.49
162.88 90.27
10.63 137.72
182.57 61.17
21.34 188.4
183.1 163.38
72.87 50.18
38.18 19.12
99.08 139.51
154.5 87.85
121.15 140.39
121.64 39.81
57.83 187.95
168.1 126.03
98.27 10.11
109.08 126.41
113.08 35.42
34.11 67.08
21.96 112.37
41.61 167.54
98.47 94.5
89.76 53.09
136.97 41.01
46.52 133.58
12.46 69.25
55.54 98.92
161.85 179.24
188.45 149.35
42.62 26.67
91.07 88.26
136.4 59.17
169.31 42.35
24.37 27.52
89.99 167.47
58.04 61.35
131.33 67.78
126.17 167.73
173.65 33.72
26.64 128.55
129.3 96.87
130.09 53.43
160.88 188.83
40.39 193.44
194.59 176.66
26.93 129.63
42.52 76.09
199.3 45.88
190.3 27.79
30.33 63.2
99.06 42.31
132.85 145.82
96.02 23.44
136.26 130.82
61.63 36.56
132.18 93.45
29.97 98.76
199.31 184.87
149.54 162.5
166.0 13.95
133.37 68.86
19.0 119.47
43.93 66.84
85.56 130.02
107.56 184.85
132.72 145.99
40.96 164.56
187.17 36.6
153.34 35.8
143.05 186.91
49.86 78.43
110.54 54.24
17.99 155.39
130.48 168.67
82.42 46.34
111.57 57.93
75.74 104.81
141.52 182.84
22.9 133.58
55.62 194.99
20.76 134.67
118.07 97.62
26.32 168.43
68.35 70.91
169.27 24.54
166.22 96.11
88.02 33.51
172.94 107.66
117.22 67.14
90.95 150.25
103.44 165.89
99.61 50.72
184.67 83.25
139.81 40.07
71.15 72.69
73.98 51.2
10.4 58.69
120.37 76.06
90.42 78.98
186.25 185.88
157.93 33.83
188.0 168.37
199.02 144.07
110.38 14.29
162.34 141.21
58.11 156.96
93.53 35.1
169.64 12.34
28.9 20.97
33.18 19.64
199.78 110.03
161.29 170.16
95.17 156.31
144.02 144.11
86.84 91.25
128.32 78.97
98.85 174.14
198.34 152.62
12.25 77.08
155.08 146.73
31.94 192.95
121.32 63.2
98.06 15.14
159.75 155.31
42.83 19.37
163.34 195.27
28.9 160.0
85.4 114.58
10.15 178.97
155.23 57.22
159.84 185.29
56.49 25.21
124.57 150.71
190.85 66.89
101.51 177.91
190.16 174.36
59.91 116.26
178.05 189.67
172.75 161.19
117.52 160.33
116.37 165.85
189.18 70.83
178.0 99.5
45.88 194.61
44.26 62.77
11.62 47.67
62.21 79.44
170.97 103.56
69.12 83.87
106.92 105.42
158.9 137.26
36.93 190.6
141.38 154.16
40.3 194.66
76.4 13.27
199.35 101.45
116.88 41.18
141.28 14.25
70.4 197.65
127.79 49.51
35.09 11.03
158.33 50.58
62.32 159.08
51.56 71.63
73.81 131.12
114.99 148.83
196.36 133.64
188.5 159.82
179.83 139.65
153.38 147.28
120.72 155.17
113.13 14.85
82.95 100.99
24.74 61.53
144.23 31.31
23.64 29.02
118.26 116.75
172.71 69.73
179.74 133.89
61.0 29.65
175.77 165.71
144.28 73.15
19.35 143.31
19.07 61.88
32.16 126.14
160.81 24.85
149.67 142.52
160.72 86.36
196.66 153.81
162.35 91.69
77.25 127.17
164.24 87.0
156.43 197.26
129.04 171.77
25.83 85.18
132.91 188.63
81.14 119.54
180.73 174.46
153.25 57.45
23.74 18.67
174.08 63.92
111.32 69.98
25.06 69.2
199.56 92.34
199.23 53.28
187.96 27.08
142.75 165.97
86.3 111.47
62.88 183.34
98.66 79.05
42.15 103.12
130.25 81.66
34.79 44.05
68.9 113.57
80.24 199.64
17.48 29.29
130.76 131.77
35.12 119.97
185.53 126.37
53.64 41.64
145.45 28.42
189.64 128.48
120.49 138.73
31.89 157.78
150.58 104.85
27.12 162.13
60.95 195.22
157.65 194.75
43.23 29.83
82.3 24.35
157.71 100.67
35.29 26.44
15.82 104.46
137.61 27.66
100.59 106.85
39.43 111.47
83.96 69.2
35.53 21.45
72.43 154.23
116.15 127.21
188.49 108.97
97.49 50.31
136.94 114.72
34.97 173.27
65.03 182.93
51.53 87.11
188.16 71.59
55.32 10.02
155.47 49.87
167.08 18.21
63.71 80.84
163.55 155.16
75.68 120.88
30.79 55.36
133.69 175.31
77.98 199.43
144.36 105.69
152.75 197.04
186.7 90.96
107.33 89.17
109.83 61.83
24.46 113.14
16.77 185.93
33.07 109.88
116.16 133.47
16.34 73.25
181.17 118.78
93.76 152.94
47.0 187.87
86.31 75.48
89.03 69.3
157.78 45.54
39.73 143.29
20.88 125.75
110.45 59.2
151.12 95.82
177.84 98.92
25.23 33.56
23.71 81.99
127.24 157.55
177.53 106.39
34.47 182.56
92.54 182.22
105.54 64.2
36.77 199.52
68.47 108.38
153.01 34.08
88.03 65.13
27.63 122.43
122.77 147.73
13.59 179.42
38.55 124.0
116.8 199.69
104.02 98.17
29.44 80.25
76.12 91.84
33.34 106.45
89.29 110.37
130.03 126.91
146.37 38.03
123.85 45.58
193.8 77.57
130.47 193.51
107.17 58.0
87.97 168.35
18.13 129.31
132.15 173.28
144.3 117.02
57.06 92.51
145.36 58.28
173.75 135.37
40.24 162.2
98.93 109.38
13.46 108.0
135.52 102.5
84.18 58.61
25.08 164.42
94.88 117.86
155.6 182.38
107.78 67.11
99.7 98.3
191.34 173.03
158.01 130.14
96.95 104.33
49.24 13.16
134.99 45.06
57.24 134.09
27.21 95.52
68.01 82.58
190.49 50.19
93.08 82.06
109.01 115.36
167.69 190.94
20.33 83.89
63.72 174.21
165.89 18.45
161.79 89.68
36.88 179.69
101.25 166.95
157.94 27.53
49.72 26.43
57.77 21.29
121.04 26.31
53.46 110.79
151.56 195.94
54.31 156.41
77.39 77.57
99.77 164.73
117.97 163.31
58.56 128.88
185.92 117.44
174.97 166.71
94.37 142.51
42.27 102.35
193.71 188.4
57.31 45.95
170.02 83.21
22.22 48.7
164.04 184.28
74.36 38.46
100.4 106.97
121.27 131.52
116.09 40.1
107.1 69.44
68.78 78.34
80.02 150.51
86.14 67.29
182.23 152.5
64.29 198.91
81.95 120.56
155.59 123.01
143.76 154.35
171.33 177.57
152.95 58.14
19.12 51.39
126.35 103.8
128.87 168.15
142.89 19.26
96.24 194.98
140.42 26.36
162.71 198.67
37.56 60.84
15.47 153.58
187.78 17.57
115.4 103.67
114.32 187.72
128.66 28.19
13.9 43.35
125.16 86.3
167.42 150.34
112.23 173.48
170.44 79.22
169.04 111.03
97.84 29.12
96.25 80.82
82.85 93.59
121.5 99.45
40.77 175.6
175.83 24.73
66.66 134.13
92.38 150.54
37.49 135.62
165.65 100.07
105.93 176.14
73.32 50.0
168.24 190.43
96.12 106.08
91.37 199.5
124.22 133.76
73.81 187.6
98.09 31.35
159.71 194.81
175.48 79.56
145.31 109.83
152.77 100.23
14.15 33.37
198.26 140.42
94.36 187.28
45.91 129.5
64.6 181.14
75.22 44.25
15.46 191.48
16.06 21.32
100.24 161.55
107.39 146.77
132.17 64.9
135.55 107.79
158.25 96.34
199.26 126.76
158.21 160.68
102.41 38.27
45.74 20.93
178.86 51.75
41.87 66.53
120.94 54.0
138.79 107.67
139.19 112.12
22.03 170.71
94.8 146.7
160.56 148.64
100.33 58.59
17.5 151.78
150.32 20.07
122.29 23.04
44.56 121.67
152.6 140.21
170.09 34.87
183.2 70.65
77.74 142.27
197.17 142.85
144.56 127.64
133.39 81.53
53.45 175.22
57.45 135.63
62.14 190.74
182.32 20.65
43.5 184.71
88.15 90.68
135.36 118.2
126.84 110.19
180.72 83.22
128.56 121.67
84.75 152.77
105.61 79.35
82.2 59.11
54.39 75.39
175.0 162.34
100.63 16.94
156.26 136.27
148.48 109.73
59.04 36.34
185.62 45.23
193.98 21.94
60.1 78.58
39.62 65.7
38.64 54.77
88.55 40.37
79.76 99.07
41.3 92.49
107.99 30.55
196.87 135.64
133.55 126.27
167.14 170.03
91.22 46.79
199.35 75.61
187.96 159.75
126.3 96.15
155.15 92.03
80.75 129.93
