950
20.56 183.19
194.0 125.82
10.9 127.86
59.25 70.87
166.33 101.64
137.84 148.12
158.37 151.36
187.08 172.86
88.43 176.91
159.11 123.48
144.91 25.69
50.02 65.48
54.82 164.9
86.53 12.72
138.87 23.81
35.33 115.09
199.82 166.62
82.79 185.6
175.27 77.67
13.92 180.46
15.49 102.15
127.34 140.76
75.31 34.12
46.77 104.19
32.43 76.81
111.42 177.81
128.51 50.02
65.35 78.15
155.28 18.25
13.12 62.73
12.64 26.6
127.28 78.04
26.81 159.7
89.95 157.43
192.45 75.85
120.61 103.01
38.77 147.1
172.86 14.46
169.67 107.58
93.15 77.49
35.31 23.8
27.62 136.02
113.44 41.36
143.37 83.93
40.56 69.91
85.72 62.71
199.35 68.31
89.95 52.17
91.83 82.52
39.07 134.9
177.22 61.68
66.58 142.19
132.93 123.03
69.11 28.41
101.88 132.32
18.85 42.67
149.3 125.32
45.32 37.01
91.68 58.53
83.73 107.67
92.06 89.16
102.28 152.12
145.43 42.65
49.2 115.13
25.13 43.24
18.74 65.1
94.0 182.48
173.45 22.67
15.46 191.26
79.85 23.9
174.36 41.49
14.29 119.88
137.69 67.67
171.44 10.69
181.0 138.31
143.99 73.3
145.18 169.83
136.35 174.47
159.12 29.88
116.0 187.36
77.77 15.02
110.96 151.47
134.43 131.1
85.28 197.19
91.42 90.14
10.04 83.19
68.95 87.98
99.28 82.36
19.8 147.96
103.47 93.79
103.67 119.32
55.83 47.1
160.96 144.49
155.98 22.38
15.51 135.6
78.96 119.68
25.33 188.79
55.92 169.33
178.41 196.78
118.52 123.48
164.03 121.94
162.96 54.76
161.26 137.4
116.41 55.95
95.61 23.92
125.17 87.92
15.08 112.98
54.64 10.98
126.55 87.77
56.43 123.87
133.64 109.98
168.37 89.11
34.88 137.8
18.63 58.61
82.16 199.95
179.97 153.2
119.43 91.59
97.88 73.31
21.33 94.19
142.89 23.79
175.72 77.27
66.52 162.09
143.86 158.16
122.91 154.9
136.32 170.83
107.82 91.42
31.58 179.4
155.53 83.87
43.72 37.54
152.87 190.86
38.11 18.71
114.44 36.5
164.4 148.47
151.49 132.65
24.7 46.75
134.18 199.12
163.6 52.89
74.54 167.07
49.09 199.5
14.03 136.86
155.97 145.31
157.46 14.1
31.34 175.05
116.43 44.52
47.86 100.65
140.05 28.82
156.09 65.62
130.68 16.71
135.77 199.47
68.23 68.22
165.68 37.81
43.48 180.73
138.61 140.3
143.09 118.19
18.56 13.17
74.52 51.97
180.43 17.33
109.77 140.1
57.33 172.18
146.6 194.52
56.23 123.73
151.7 196.56
114.88 60.05
86.37 101.19
196.57 160.4
137.7 154.1
74.36 67.69
150.07 22.83
101.57 34.8
196.48 148.88
128.64 19.88
165.16 146.36
22.51 36.26
76.37 161.9
61.67 156.42
131.13 180.59
162.08 28.72
99.05 133.27
178.5 17.21
92.96 197.54
119.3 172.38
156.15 195.41
101.42 96.18
172.58 119.93
16.82 116.49
157.59 123.65
197.33 128.2
176.47 100.25
158.51 158.07
163.06 166.53
28.85 198.62
186.55 159.51
183.05 79.18
127.11 67.23
56.16 189.31
75.77 152.14
123.74 99.25
142.9 153.66
110.18 53.67
115.41 168.8
188.05 69.04
185.59 10.45
37.13 155.46
97.49 191.04
116.33 75.18
142.81 173.04
119.85 174.29
58.61 50.63
52.15 98.89
95.38 185.47
25.96 61.13
123.75 197.64
107.91 121.89
44.52 47.98
141.79 159.81
143.27 128.25
105.6 142.95
19.8 59.14
25.49 100.11
151.18 91.93
114.3 101.67
102.26 120.66
137.89 136.15
177.45 77.06
41.54 159.02
81.12 108.2
181.47 193.75
170.76 128.19
36.93 92.11
143.95 155.74
83.45 113.08
89.31 183.51
78.66 107.1
149.82 90.69
181.57 13.66
46.13 147.48
126.09 110.89
130.31 91.15
126.72 136.17
42.0 100.37
18.85 77.42
91.58 129.52
176.9 150.0
69.86 100.3
83.22 133.69
75.84 182.15
47.18 162.17
191.41 103.73
75.81 157.38
97.68 116.1
109.93 107.01
122.23 91.28
122.41 180.08
196.97 197.21
83.54 161.89
175.15 73.64
72.24 187.63
44.44 167.93
47.98 197.08
121.78 18.39
41.69 43.7
163.91 173.65
181.72 99.33
106.43 66.11
65.73 133.46
72.94 167.43
65.58 41.4
39.5 18.29
65.3 82.29
188.7 64.95
184.93 151.4
156.11 112.4
20.05 171.69
177.84 138.8
51.32 110.32
17.52 33.87
70.43 87.02
138.53 71.72
143.65 58.68
126.32 33.69
139.63 119.43
75.73 109.11
23.26 80.71
112.31 74.68
190.71 25.34
186.69 74.53
145.27 118.52
59.18 83.27
115.72 132.01
89.54 186.22
104.7 152.0
79.27 147.74
118.66 86.6
59.22 58.34
116.79 42.21
191.42 198.71
195.51 73.85
38.34 184.24
150.87 149.11
43.46 79.91
85.22 54.96
85.38 25.93
18.93 22.86
89.77 97.65
150.3 119.5
138.42 179.73
160.53 42.87
103.38 138.58
191.97 150.57
199.94 172.04
49.98 99.73
44.38 149.53
19.93 141.77
14.5 97.53
20.42 39.36
145.88 75.87
77.69 64.12
62.37 162.19
26.07 49.19
53.54 122.58
99.73 79.03
193.21 145.84
133.6 112.91
156.66 191.64
72.38 159.82
56.62 91.66
91.33 164.05
174.94 92.8
169.68 14.97
199.94 23.66
35.81 142.42
165.78 45.78
197.67 131.86
28.33 169.65
120.96 54.38
150.55 131.93
156.35 95.88
32.64 125.5
21.85 96.49
60.29 131.27
165.95 42.1
180.56 77.88
107.22 167.98
78.32 160.98
114.97 151.95
165.17 110.14
54.67 132.07
65.15 169.75
95.68 79.83
164.76 37.9
121.98 133.04
161.01 67.69
54.87 59.49
197.03 77.12
147.15 184.77
161.88 170.76
122.62 102.5
83.73 96.61
172.53 186.5
183.29 122.56
137.16 120.91
109.11 121.09
159.38 176.63
146.17 143.94
193.83 137.21
45.18 158.38
54.56 154.31
150.57 16.09
126.47 199.44
23.63 88.58
128.36 127.51
78.43 62.02
116.48 156.14
146.41 98.12
152.69 189.54
164.27 86.82
145.06 50.65
88.38 67.36
180.06 147.57
50.62 97.67
78.08 46.72
115.03 15.38
71.5 29.81
72.86 77.95
132.16 45.26
182.0 150.64
144.05 38.19
85.4 22.43
40.13 78.88
136.42 94.65
138.93 186.76
52.71 183.4
195.28 59.66
57.18 189.99
185.86 61.34
185.35 39.61
117.64 27.27
104.65 33.12
43.51 41.85
15.39 193.81
158.88 43.9
84.35 124.52
82.12 52.65
38.92 180.71
107.13 198.41
96.4 133.49
191.39 72.06
64.36 83.72
121.44 151.89
166.49 132.69
192.29 150.92
128.68 118.35
101.76 117.09
130.66 81.31
161.78 58.1
190.82 40.24
166.48 139.95
114.55 37.24
138.36 50.28
28.99 54.44
137.43 67.09
72.55 130.2
113.47 114.86
95.8 128.01
62.36 128.28
23.42 183.48
139.71 54.03
15.25 102.24
143.84 91.52
81.72 91.07
50.3 124.11
156.48 134.94
24.51 50.89
104.56 130.84
188.76 132.89
163.89 101.13
77.93 88.62
170.39 181.36
76.0 95.17
150.9 29.42
102.69 96.02
63.33 90.65
59.17 35.67
166.84 45.12
103.81 133.54
103.97 20.16
36.15 69.99
167.27 72.02
173.56 107.73
158.89 95.33
29.94 170.29
96.72 33.71
18.09 183.94
54.7 23.45
129.72 120.32
155.25 83.21
59.55 80.41
151.13 60.62
123.5 109.75
160.1 30.2
94.92 176.89
11.72 45.25
33.61 156.02
168.74 189.04
176.31 154.81
113.68 184.96
155.29 110.05
19.62 17.21
149.87 37.44
152.57 194.97
159.21 183.95
197.39 98.78
93.19 196.2
175.55 126.61
177.04 97.02
66.32 88.2
52.18 87.89
188.58 149.28
146.78 16.54
38.03 46.58
190.84 141.03
119.09 32.17
176.74 180.58
172.76 22.92
10.16 104.32
158.85 134.96
50.76 39.02
129.78 133.62
44.68 21.96
112.91 199.44
127.88 84.77
106.25 79.64
141.57 138.69
185.87 184.63
37.58 195.37
63.15 74.84
72.72 127.47
69.54 76.48
16.45 160.12
16.59 17.34
130.39 142.92
105.26 110.15
94.12 72.22
115.81 101.42
175.8 22.96
125.45 48.05
154.04 176.47
96.27 97.59
133.36 31.15
145.27 68.35
183.22 93.74
192.72 168.41
98.56 47.93
55.98 51.67
64.47 129.85
45.66 56.09
70.89 190.12
107.24 49.14
28.25 182.04
89.15 155.18
166.09 107.96
112.47 80.56
102.41 110.38
33.78 34.55
15.69 69.49
68.26 195.14
78.15 193.43
143.3 186.0
179.86 131.56
105.4 124.96
102.7 76.0
172.44 117.62
13.02 48.65
55.81 28.48
67.98 64.69
141.07 136.07
31.07 176.42
104.96 163.12
22.41 184.7
103.95 145.38
189.75 46.03
10.37 24.2
71.82 109.87
186.75 190.1
51.38 101.53
17.65 130.22
73.04 171.01
185.84 25.38
145.99 145.61
164.69 167.97
112.14 73.52
126.92 24.54
161.46 86.44
60.95 22.16
126.45 136.38
88.45 143.51
57.79 125.55
181.69 195.52
182.68 101.76
79.8 79.51
193.2 59.41
57.21 42.0
95.67 81.11
130.44 38.77
45.61 108.83
117.86 46.96
160.93 88.81
14.26 151.62
133.17 175.13
171.66 101.96
14.73 151.42
104.55 175.96
35.28 120.59
10.6 101.97
85.55 155.81
11.69 176.6
16.85 121.07
169.0 127.74
17.76 29.7
125.01 173.52
12.37 19.03
172.72 10.99
35.25 142.91
18.5 194.63
95.47 158.32
112.84 57.03
176.67 22.71
126.63 191.89
102.3 71.34
92.45 41.95
103.22 72.14
180.95 174.35
113.87 138.54
95.77 23.67
171.88 169.93
184.33 104.07
184.46 126.41
191.13 197.85
187.75 193.11
121.12 177.11
95.55 105.79
67.99 152.76
114.42 12.48
61.45 188.89
66.68 155.31
199.53 190.94
60.66 127.19
125.19 94.38
49.48 164.16
175.48 71.48
169.32 15.04
185.23 152.6
148.1 30.49
116.42 198.83
132.43 25.52
36.15 80.65
26.11 135.84
178.5 127.09
14.85 48.16
84.39 66.41
99.19 174.46
86.01 109.12
19.58 143.19
92.49 164.04
47.02 187.57
133.54 184.06
180.19 148.37
109.89 39.79
142.19 61.62
188.25 148.78
18.94 126.8
74.2 74.73
15.02 141.87
117.72 141.64
177.97 152.98
92.69 120.46
92.51 139.36
45.75 81.6
112.3 27.55
72.7 139.67
193.91 146.2
129.02 52.49
124.68 33.26
24.94 27.11
64.36 16.93
12.88 85.31
13.71 162.99
73.04 161.68
128.43 46.51
145.47 187.89
72.91 156.03
115.0 197.17
20.53 55.69
196.81 58.41
149.59 63.23
189.06 53.68
196.45 18.82
37.87 89.53
38.08 74.92
105.91 41.89
153.15 15.72
29.0 167.39
100.71 191.95
141.64 171.26
116.94 45.61
156.75 109.35
169.21 108.75
97.62 165.45
38.21 168.08
114.59 136.69
192.68 156.44
156.14 74.86
32.49 84.11
75.88 187.78
145.95 150.1
107.56 15.35
93.68 80.45
103.87 34.17
55.62 20.48
45.82 174.65
28.77 126.91
21.81 91.27
22.1 174.84
58.49 193.56
176.9 89.04
48.29 158.65
17.83 137.35
58.18 177.88
18.35 134.3
74.09 120.67
64.39 70.06
83.32 130.52
96.94 138.76
66.36 68.36
164.82 77.99
12.65 106.38
112.3 177.14
157.7 190.35
93.13 63.74
34.16 90.03
159.28 10.09
181.48 10.83
65.3 71.93
69.38 34.82
188.36 194.39
170.08 41.1
108.66 28.78
147.59 132.32
168.07 42.65
62.69 149.6
166.12 88.37
43.5 14.66
83.89 97.98
182.46 54.72
49.93 128.09
64.54 15.05
69.07 10.66
12.19 83.36
165.04 191.88
190.72 30.31
144.18 106.52
162.5 159.36
177.52 35.74
193.67 69.82
129.62 161.8
15.95 37.48
172.43 150.53
143.78 186.39
183.8 123.11
137.96 12.08
52.86 80.47
142.52 85.97
87.11 51.15
111.45 59.8
21.87 87.68
78.44 169.47
198.08 117.32
106.5 38.76
118.39 87.19
174.02 161.69
32.04 172.54
149.13 195.25
99.98 161.3
15.98 94.33
92.35 92.83
113.96 114.69
132.92 58.84
175.31 26.13
62.75 67.99
198.93 157.03
153.34 14.8
86.31 161.89
27.06 173.5
153.6 192.8
88.79 89.63
16.68 198.96
47.37 194.47
74.15 181.79
99.23 126.52
86.06 31.13
106.16 166.42
24.53 85.56
194.02 51.67
126.44 108.93
111.79 144.59
42.94 104.73
88.78 193.15
35.45 154.94
147.13 38.28
117.38 52.54
19.4 147.83
93.37 58.0
151.18 61.45
67.06 111.45
119.1 152.51
46.74 73.6
40.89 122.84
110.22 172.73
46.4 165.39
176.58 46.33
132.32 57.09
93.41 58.46
72.01 177.1
161.51 181.4
146.24 73.0
37.1 188.52
170.94 92.3
92.37 94.47
110.24 98.89
191.75 14.94
199.2 150.18
93.51 91.68
97.73 93.22
31.02 157.15
78.45 128.1
86.9 121.9
93.95 141.71
87.71 65.07
66.06 116.03
82.09 107.24
65.29 166.27
94.43 27.88
81.57 175.51
124.03 104.91
191.55 183.52
125.53 24.37
12.67 165.71
15.17 62.11
153.27 66.41
112.64 96.47
188.82 89.2
66.72 80.17
80.21 55.7
177.65 107.24
131.26 36.45
161.57 10.92
155.24 165.13
70.78 75.7
170.01 144.45
94.34 180.05
94.78 110.68
158.77 14.48
189.47 25.98
94.43 43.18
125.72 169.05
37.89 138.55
56.52 199.45
175.21 109.66
79.35 135.69
116.6 10.78
72.25 196.06
24.72 140.43
153.84 12.77
115.02 87.87
18.89 37.06
79.69 130.38
36.2 45.47
58.8 74.8
124.44 62.18
72.62 137.95
77.19 103.6
29.23 178.15
32.22 57.16
82.56 123.61
53.16 155.25
32.11 136.7
138.43 73.38
48.35 108.26
158.99 154.4
101.95 129.36
146.84 75.29
87.0 39.18
61.7 68.14
96.71 88.56
139.94 67.99
15.18 84.58
20.15 101.6
39.77 99.49
192.81 68.27
165.12 41.41
37.7 44.23
176.79 150.19
65.02 39.51
147.88 93.1
42.16 61.92
14.92 122.58
106.77 66.47
132.07 80.33
124.6 12.88
113.76 176.36
88.57 194.13
82.32 18.27
65.54 142.71
166.31 96.87
130.26 171.68
195.02 86.58
189.03 178.73
103.09 150.57
110.86 150.21
191.21 24.12
162.49 10.47
89.97 20.23
76.98 29.96
166.82 151.57
33.73 172.76
98.56 89.06
53.93 138.71
179.22 171.54
84.98 194.88
36.71 109.59
79.04 191.4
93.64 62.05
129.09 40.17
163.19 103.2
156.38 112.04
120.57 65.13
25.61 152.65
98.33 142.77
165.87 43.2
103.0 179.86
146.57 41.48
108.65 173.86
94.0 150.19
166.63 158.32
62.24 94.32
140.18 103.43
138.19 176.99
160.67 91.55
107.58 39.86
24.25 14.96
20.76 94.84
94.4 143.63
142.95 53.49
50.58 171.41
119.59 50.73
17.09 27.29
81.61 51.21
72.6 151.31
161.14 132.73
123.25 47.86
157.74 36.61
195.66 106.41
123.32 132.58
166.92 90.4
141.12 149.54
167.1 15.34
112.29 197.72
72.09 62.37
160.78 89.7
40.83 167.34
103.08 91.66
42.12 31.5
50.75 148.35
50.23 88.32
59.89 142.92
48.81 107.89
121.88 193.11
70.39 100.81
128.57 174.03
103.74 150.07
50.24 66.7
182.19 80.83
58.62 21.95
121.07 110.27
174.98 50.69
11.39 50.16
147.22 181.05
30.33 60.15
37.47 68.14
95.55 85.53
