250
42.69 171.44
192.95 42.85
19.38 167.26
66.06 140.21
171.12 72.16
123.88 34.79
136.22 31.92
42.06 32.16
53.45 108.96
96.67 138.37
63.32 32.86
188.1 112.3
31.48 174.6
69.17 183.11
18.09 22.61
156.43 68.65
106.47 104.08
40.14 16.66
53.64 166.72
132.29 104.88
101.35 57.23
113.64 161.48
57.41 131.95
143.33 150.09
87.74 141.99
146.43 148.95
126.93 179.1
11.29 126.78
11.47 11.64
62.43 143.38
124.11 189.43
95.65 124.3
96.85 175.04
48.7 141.97
79.48 191.17
27.7 15.23
129.86 19.74
20.71 165.37
24.48 161.48
150.11 87.35
174.89 162.87
103.79 187.23
195.3 127.33
79.92 177.26
124.24 67.39
188.14 193.51
21.84 97.43
111.12 183.12
115.49 86.97
103.21 121.79
121.99 189.11
116.54 160.55
193.66 73.1
84.81 33.32
10.06 35.11
156.75 40.49
192.55 101.22
121.86 162.0
64.81 147.81
30.39 64.89
71.68 112.65
113.29 169.61
179.43 120.85
11.24 105.17
47.69 138.79
190.51 67.7
125.55 40.96
11.16 190.71
38.81 160.79
71.58 146.13
21.69 18.98
21.41 128.04
115.84 183.96
107.01 30.04
70.45 16.38
193.39 59.98
191.53 131.28
184.61 187.09
98.61 79.87
48.12 184.01
112.72 137.95
163.77 134.01
137.48 170.89
194.07 17.78
178.77 47.15
45.18 195.43
48.01 57.62
150.91 191.31
34.05 121.24
15.83 10.15
173.76 167.61
42.05 68.23
169.84 151.2
166.17 60.59
189.39 172.21
16.23 179.13
132.39 138.2
17.66 114.72
56.51 174.09
88.88 34.54
12.21 196.38
32.0 185.1
116.72 43.07
27.76 196.03
101.32 187.0
65.88 198.63
47.21 16.88
177.36 74.99
190.35 89.31
114.07 25.4
31.02 43.05
136.39 117.44
51.29 43.3
138.79 51.09
133.51 51.48
64.12 197.72
89.66 86.99
157.95 161.05
158.51 177.36
24.18 116.12
196.64 146.81
124.17 36.06
28.47 110.87
157.89 39.42
16.65 58.08
173.94 82.44
47.5 139.54
145.8 156.98
62.27 196.36
114.99 92.9
88.11 27.12
192.68 22.72
97.52 187.03
158.41 126.74
106.99 37.61
31.35 136.37
45.97 70.29
79.47 136.24
197.92 170.71
31.34 53.55
20.2 198.76
150.07 139.7
61.97 82.87
153.74 175.27
118.44 185.56
55.2 146.08
32.89 147.23
118.72 97.58
10.39 141.68
24.44 183.87
111.07 149.49
28.05 73.06
104.82 38.42
131.29 184.74
71.63 134.15
108.76 25.81
117.6 77.58
110.6 154.45
30.2 85.71
155.61 82.66
117.95 82.42
82.69 84.23
108.23 53.81
120.47 13.48
78.0 188.4
173.97 37.14
81.57 113.15
107.81 193.5
45.25 22.11
197.6 41.64
17.21 57.74
54.43 93.88
101.55 170.26
134.15 139.92
195.95 43.92
68.85 186.98
80.28 68.18
167.13 11.91
44.98 191.66
71.88 111.58
134.33 21.17
110.76 116.06
74.28 183.38
110.11 153.08
37.2 125.43
167.71 19.21
58.81 41.13
129.91 170.93
153.15 188.19
46.55 93.86
63.06 155.05
15.66 117.47
67.93 65.61
89.99 88.4
24.64 32.66
64.31 171.49
53.62 31.71
94.31 173.16
163.52 38.47
129.77 49.32
59.1 31.47
166.87 106.72
153.19 50.76
74.97 182.27
108.26 107.6
108.0 45.53
130.05 142.53
87.96 138.81
67.1 49.49
78.01 142.93
174.41 45.73
42.25 40.57
188.79 186.01
139.55 23.51
121.66 55.12
64.52 162.87
58.19 10.8
64.45 43.9
180.64 130.45
115.59 110.0
12.63 140.05
197.34 143.04
125.56 19.69
151.41 195.67
191.17 179.45
169.01 77.69
179.95 72.24
72.68 79.63
115.4 119.41
90.07 180.32
13.92 83.79
89.64 66.42
95.54 29.14
158.3 160.43
166.42 165.66
31.38 74.59
73.26 57.09
146.65 177.97
133.96 63.1
69.38 137.4
125.08 176.3
185.19 62.9
105.82 168.58
109.73 135.84
180.43 82.57
106.16 144.54
17.05 43.98
158.74 159.94
36.32 54.28
153.23 193.06
